1.09286
1.0926702
1.0924807
1.0922915
1.0921025
1.0919136
1.0917251
1.0915368
1.0913489
1.0911609
1.0909733
1.0907856
1.0905985
1.0904115
1.0902245
1.090038
1.0898514
1.0896653
1.0894791
1.0892934
1.0891079
1.0889232
1.0887387
1.0885544
1.0883702
1.0881861
1.0880024
1.0878187
1.0876353
1.0874519
1.0872688
1.0870858
1.0869031
1.0867212
1.0865395
1.0863584
1.0861777
1.0859975
1.0858172
1.0856371
1.0854571
1.0852773
1.0850978
1.0849197
1.084742
1.0845649
1.0843887
1.0842139
1.0840393
1.083866
1.0836936
1.0835223
1.0833514
1.0831811
1.0830129
1.0828456
1.0826797
1.0825175
1.0823572
1.0821987
1.0820421
1.0818859
1.0817316
1.0815785
1.0814267
1.0812759
1.0811256
1.080976
1.0808274
1.0806797
1.0805334
1.0803881
1.0802428
1.0800976
1.0799541
1.0798112
1.0796694
1.0795304
1.0793921
1.0792547
1.0791172
1.0789808
1.0788486
1.0787178
1.0785879
1.078462
1.0783367
1.0782117
1.0780869
1.077962
1.077838
1.0777142
1.0775943
1.0774812
1.077373
1.0772656
1.0771582
1.077051
1.0769434
1.0768362
1.0767312
1.0766295
1.0765296
1.0764313
1.0763333
1.0762372
1.0761442
1.0760553
1.0759676
1.075881
1.075795
1.0757108
1.0756276
1.0755444
1.0754609
1.0753794
1.0752991
1.0752198
1.0751413
1.075064
1.0749865
1.0749093
1.0748339
1.0747589
1.0746841
1.0746093
1.0745347
1.0744615
1.0743883
1.0743151
1.0742427
1.0741712
1.0740999
1.0740286
1.0739574
1.0738862
1.0738147
1.0737436
1.073673
1.0736026
1.0735323
1.0734622
1.0733919
1.0733217
1.073252
1.073182
1.073112
1.0730422
1.0729719
1.072902
1.0728317
1.0727615
1.0726914
1.0726212
1.072551
1.0724807
1.0724106
1.0723408
1.0722711
1.0722013
1.0721314
1.0720614
1.0719914
1.0719215
1.0718516
1.0717814
1.0717113
1.0716413
1.0715712
1.071501
1.0714307
1.0713605
1.0712906
1.0712208
1.0711508
1.0710807
1.0710105
1.0709404
1.07087
1.0707998
1.0707295
1.0706592
1.0705885
1.0705181
1.0704474
1.0703768
1.0703062
1.0702362
1.0701661
1.0700959
1.0700258
1.0699556
1.0698853
1.069815
1.0697448
1.0696746
1.0696042
1.0695337
1.0694634
1.0693928
1.0693221
1.0692518
1.0691812
1.0691104
1.0690397
1.0689689
1.0688982
1.0688272
1.0687561
1.0686853
1.0686141
1.068543
1.0684717
1.0684004
1.0683291
1.0682579
1.0681864
1.0681149
1.0680434
1.0679718
1.0679002
1.0678284
1.0677568
1.0676848
1.0676129
1.0675409
1.0674689
1.0673969
1.0673249
1.0672526
1.0671804
1.0671082
1.0670358
1.0669634
1.0668911
1.0668186
1.0667462
1.0666738
1.0666013
1.0665288
1.0664561
1.0663834
1.0663109
1.0662379
1.0661651
1.0660921
1.0660192
1.0659461
1.0658733
1.0658001
1.0657271
1.065654
1.0655808
1.0655073
1.0654342
1.0653608
1.0652871
1.0652136
1.0651398
1.0650661
1.0649924
1.0649185
1.0648444
1.0647703
1.0646962
1.064622
1.0645479
1.0644735
1.0643992
1.0643246
1.0642502
1.0641756
1.0641011
1.0640265
1.0639516
1.0638767
1.0638021
1.063727
1.063652
1.0635769
1.0635016
1.0634263
1.063351
1.0632756
1.0632001
1.0631245
1.063049
1.0629731
1.0628974
1.0628216
1.0627457
1.0626698
1.0625936
1.0625175
1.0624415
1.062365
1.0622889
1.0622122
1.0621357
1.0620592
1.0619826
1.061906
1.0618292
1.0617522
1.0616753
1.0615983
1.0615212
1.0614439
1.0613668
1.0612893
1.0612122
1.0611346
1.0610572
1.0609796
1.0609021
1.0608244
1.0607466
1.0606687
1.0605907
1.0605129
1.0604348
1.0603565
1.0602783
1.0601999
1.0601217
1.0600435
1.0599654
1.059887
1.0598087
1.0597302
1.0596517
1.059573
1.0594943
1.0594156
1.0593367
1.0592579
1.0591791
1.0591003
1.0590215
1.0589423
1.0588633
1.058784
1.0587047
1.0586253
1.0585461
1.0584664
1.0583869
1.0583072
1.0582275
1.0581478
1.0580678
1.0579879
1.0579077
1.0578276
1.0577474
1.0576669
1.0575867
1.0575062
1.0574257
1.057345
1.0572643
1.0571835
1.0571027
1.0570216
1.0569406
1.0568595
1.0567784
1.056697
1.0566156
1.0565342
1.0564526
1.056371
1.0562893
1.0562075
1.0561255
1.0560436
1.0559616
1.0558796
1.0557973
1.0557152
1.0556326
1.0555502
1.0554676
1.055385
1.0553024
1.0552194
1.0551368
1.0550538
1.0549709
1.0548878
1.0548046
1.0547214
1.0546381
1.0545548
1.0544713
1.0543877
1.054304
1.0542203
1.0541365
1.0540525
1.0539687
1.0538844
1.0538003
1.0537162
1.0536317
1.0535471
1.0534627
1.0533781
1.0532935
1.0532088
1.053124
1.0530392
1.0529543
1.0528692
1.0527841
1.052699
1.0526139
1.0525285
1.0524433
1.0523577
1.0522722
1.0521866
1.0521009
1.052015
1.051929
1.0518432
1.051757
1.0516709
1.0515846
1.0514983
1.051412
1.0513254
1.0512388
1.0511521
1.0510653
1.0509785
1.0508916
1.0508045
1.0507172
1.0506303
1.0505428
1.0504555
1.0503681
1.0502805
1.0501928
1.050105
1.0500171
1.0499291
1.049841
1.049753
1.0496647
1.0495764
1.049488
1.0493995
1.0493109
1.0492222
1.0491337
1.0490448
1.0489558
1.0488667
1.0487777
1.0486884
1.0485991
1.0485097
1.0484202
1.0483307
1.0482409
1.0481513
1.0480614
1.0479714
1.0478814
1.0477912
1.0477009
1.0476106
1.0475202
1.0474298
1.0473391
1.0472485
1.0471574
1.0470666
1.0469756
1.0468845
1.0467932
1.046702
1.0466105
1.0465192
1.0464276
1.0463359
1.046244
1.0461524
1.0460603
1.0459683
1.0458761
1.045784
1.0456916
1.0455991
1.0455066
1.045414
1.0453217
1.0452291
1.0451365
1.0450436
1.0449508
1.0448577
1.0447646
1.0446715
1.0445784
1.044485
1.0443915
1.0442979
1.0442042
1.0441107
1.0440167
1.0439228
1.0438287
1.0437347
1.0436404
1.0435461
1.0434515
1.0433571
1.0432626
1.0431678
1.0430729
1.042978
1.042883
1.0427879
1.0426928
1.0425974
1.0425019
1.0424064
1.0423108
1.0422151
1.0421194
1.0420234
1.0419277
1.0418317
1.0417358
1.0416396
1.0415434
1.0414472
1.0413506
1.041254
1.0411575
1.0410606
1.0409638
1.0408669
1.0407697
1.0406725
1.0405753
1.040478
1.0403805
1.040283
1.0401853
1.0400875
1.0399896
1.0398917
1.0397936
1.0396954
1.0395972
1.0394986
1.0394001
1.0393014
1.0392028
1.039104
1.039005
1.038906
1.0388068
1.0387077
1.0386082
1.0385088
1.0384094
1.0383097
1.0382099
1.0381101
1.0380104
1.0379101
1.03781
1.0377097
1.0376093
1.0375088
1.0374082
1.0373075
1.0372066
1.0371059
1.0370048
1.0369036
1.0368024
1.0367011
1.0365998
1.0364983
1.0363966
1.0362948
1.036193
1.0360912
1.035989
1.035887
1.0357847
1.0356823
1.0355798
1.0354772
1.0353746
1.0352716
1.0351688
1.0350658
1.0349627
1.0348593
1.0347561
1.0346526
1.0345491
1.0344453
1.0343415
1.0342375
1.0341336
1.0340295
1.0339254
1.0338212
1.0337169
1.0336126
1.0335082
1.0334035
1.0332987
1.0331938
1.0330889
1.032984
1.0328788
1.0327735
1.0326681
1.0325627
1.0324571
1.0323514
1.0322455
1.0321395
1.0320337
1.0319275
1.0318213
1.0317152
1.0316086
1.0315022
1.0313954
1.0312887
1.0311819
1.0310749
1.0309678
1.0308609
1.0307535
1.0306461
1.0305386
1.030431
1.0303234
1.0302155
1.0301074
1.0299994
1.0298911
1.0297828
1.0296744
1.0295659
1.0294571
1.0293484
1.0292395
1.0291305
1.0290214
1.0289122
1.0288029
1.0286934
1.0285838
1.028474
1.0283643
1.0282543
1.0281444
1.028034
1.0279238
1.0278136
1.0277029
1.0275924
1.0274817
1.0273708
1.0272598
1.0271486
1.0270375
1.0269262
1.0268148
1.0267032
1.0265915
1.0264797
1.0263677
1.0262557
1.0261436
1.0260313
1.025919
1.0258064
1.0256938
1.025581
1.025468
1.0253551
1.025242
1.0251288
1.0250154
1.0249021
1.0247884
1.0246748
1.0245609
1.024447
1.0243329
1.0242188
1.0241044
1.02399
1.0238755
1.0237608
1.023646
1.0235312
1.0234164
1.0233012
1.023186
1.0230706
1.0229554
1.0228398
1.0227242
1.0226083
1.0224924
1.0223765
1.0222602
1.022144
1.0220276
1.0219111
1.0217946
1.0216776
1.0215608
1.0214438
1.0213267
1.0212094
1.021092
1.0209745
1.020857
1.0207393
1.0206213
1.0205034
1.020385
1.0202669
1.0201488
1.0200301
1.0199115
1.0197927
1.019674
1.0195549
1.0194358
1.0193166
1.0191971
1.0190777
1.0189581
1.0188385
1.0187185
1.0185986
1.0184785
1.0183583
1.018238
1.0181175
1.017997
1.0178761
1.0177554
1.0176344
1.0175133
1.017392
1.0172707
1.0171493
1.0170277
1.0169059
1.0167841
1.0166621
1.01654
1.0164176
1.0162956
1.0161734
1.016051
1.0159286
1.015806
1.0156833
1.0155604
1.0154374
1.0153143
1.0151911
1.0150678
1.0149443
1.0148208
1.014697
1.0145732
1.0144492
1.0143251
1.0142009
1.0140765
1.013952
1.0138274
1.0137026
1.0135777
1.0134528
1.0133277
1.0132023
1.0130769
1.0129515
1.0128258
1.0127001
1.0125741
1.0124481
1.0123218
1.0121956
1.0120692
1.0119426
1.011816
1.0116892
1.0115622
1.011435
1.011308
1.0111805
1.0110531
1.0109257
1.0107977
1.0106698
1.010542
1.0104139
1.0102855
1.0101572
1.0100287
1.0099
1.0097712
1.0096424
1.0095133
1.0093842
1.0092548
1.0091255
1.0089958
1.0088662
1.0087363
1.0086063
1.0084763
1.008346
1.0082155
1.0080853
1.0079546
1.0078237
1.0076929
1.0075618
1.0074307
1.0072994
1.0071679
1.0070364
1.0069047
1.006773
1.006641
1.006509
1.0063767
1.0062443
1.0061117
1.0059792
1.0058464
1.0057135
1.0055807
1.0054473
1.005314
1.0051806
1.0050472
1.0049134
1.0047796
1.0046456
1.0045115
1.0043772
1.0042429
1.0041083
1.0039737
1.003839
1.0037041
1.0035689
1.003434
1.0032985
1.0031631
1.0030274
1.002892
1.0027565
1.0026207
1.0024848
1.0023488
1.0022128
1.0020765
1.0019403
1.0018036
1.0016669
1.00153
1.0013932
1.0012562
1.0011189
1.0009817
1.0008441
1.0007066
1.0005687
1.0004307
1.0002929
1.0001547
1.0000163
0.9998778
0.99973947
0.99960077
0.9994621
0.9993232
0.9991842
0.999045
0.9989059
0.9987663
0.9986267
0.9984871
0.9983473
0.9982074
0.9980672
0.99792695
0.99778646
0.9976461
0.99750537
0.99736464
0.9972237
0.99708265
0.99694145
0.99680007
0.9966587
0.99651706
0.9963752
0.99623334
0.99609137
0.9959491
0.99580675
0.9956645
0.99552184
0.9953792
0.99523634
0.9950932
0.9949501
0.99480695
0.9946635
0.99451995
0.9943762
0.9942324
0.9940884
0.9939444
0.9938004
0.9936563
0.9935121
0.9933676
0.9932231
0.9930784
0.9929336
0.9927886
0.9926436
0.99249834
0.99235296
0.9922075
0.9920618
0.9919161
0.9917701
0.99162406
0.9914778
0.9913315
0.99118507
0.99103844
0.99089175
0.9907448
0.9905978
0.9904506
0.99030334
0.9901558
0.9900083
0.9898606
0.9897128
0.9895648
0.9894166
0.9892683
0.98911995
0.9889713
0.98882264
0.9886738
0.98852485
0.9883757
0.9882264
0.9880771
0.9879275
0.98777795
0.98762804
0.9874781
0.987328
0.9871777
0.9870274
0.9868768
0.9867261
0.9865753
0.98642445
0.9862733
0.9861221
0.98597074
0.98581916
0.98566747
0.98551565
0.9853639
0.9852116
0.9850594
0.98490715
