1.100647
1.1005129
1.1003792
1.1002454
1.1001077
1.0999686
1.0998359
1.0997047
1.0995692
1.0994304
1.0992907
1.0991535
1.0990163
1.0988802
1.0987487
1.0986181
1.0984917
1.0983697
1.0982534
1.0981394
1.098032
1.0979271
1.097822
1.0977184
1.0976151
1.0975093
1.097404
1.0973014
1.0972011
1.0971022
1.0970043
1.0969082
1.0968136
1.0967189
1.0966254
1.096535
1.0964458
1.0963583
1.0962719
1.0961864
1.096101
1.096016
1.095932
1.095849
1.0957669
1.0956848
1.0956029
1.095521
1.0954397
1.0953598
1.0952803
1.0952009
1.0951217
1.0950425
1.0949636
1.0948848
1.0948061
1.0947276
1.0946494
1.0945718
1.0944942
1.0944166
1.0943394
1.0942626
1.094186
1.094109
1.0940326
1.0939562
1.0938799
1.0938036
1.0937275
1.0936517
1.0935758
1.0934999
1.0934243
1.0933486
1.093273
1.0931975
1.0931222
1.093047
1.0929718
1.0928966
1.0928216
1.0927466
1.0926718
1.0925969
1.092522
1.0924475
1.0923729
1.0922984
1.0922239
1.0921495
1.0920752
1.092001
1.0919269
1.0918537
1.0917804
1.0917071
1.091634
1.0915616
1.0914892
1.0914167
1.0913447
1.091273
1.0912014
1.0911299
1.0910586
1.0909877
1.0909171
1.0908464
1.0907757
1.0907053
1.0906351
1.0905652
1.0904957
1.0904261
1.0903565
1.0902872
1.0902183
1.0901495
1.0900806
1.0900122
1.089944
1.0898758
1.0898083
1.0897412
1.0896746
1.0896081
1.0895419
1.0894766
1.0894115
1.0893464
1.0892814
1.0892162
1.0891515
1.0890865
1.0890217
1.0889568
1.0888923
1.0888283
1.0887641
1.0887
1.088636
1.088572
1.0885086
1.0884455
1.0883826
1.0883199
1.0882574
1.0881951
1.0881329
1.0880704
1.0880082
1.0879462
1.0878843
1.0878228
1.087761
1.0876997
1.087638
1.0875767
1.0875156
1.0874549
1.0873942
1.0873337
1.0872731
1.0872129
1.0871527
1.0870929
1.0870328
1.0869733
1.0869141
1.0868549
1.0867963
1.0867381
1.0866802
1.0866221
1.0865644
1.0865067
1.0864489
1.0863914
1.0863335
1.086276
1.0862185
1.0861609
1.0861034
1.086046
1.0859885
1.0859312
1.0858738
1.0858165
1.0857592
1.0857018
1.0856446
1.0855876
1.0855304
1.0854733
1.0854164
1.0853596
1.0853027
1.085246
1.0851895
1.0851327
1.085076
1.0850194
1.0849628
1.0849062
1.0848498
1.0847937
1.0847374
1.0846812
1.0846249
1.0845689
1.0845126
1.0844564
1.0844003
1.0843441
1.0842882
1.0842322
1.0841762
1.0841204
1.0840648
1.0840094
1.083954
1.0838984
1.0838432
1.0837878
1.0837326
1.0836776
1.0836223
1.0835673
1.0835123
1.0834574
1.0834024
1.0833473
1.0832924
1.0832375
1.0831827
1.0831277
1.0830728
1.0830178
1.0829631
1.0829083
1.0828537
1.0827991
1.0827442
1.0826898
1.0826353
1.0825807
1.0825262
1.0824717
1.0824172
1.0823629
1.0823085
1.082254
1.0821996
1.0821452
1.0820907
1.0820364
1.081982
1.0819275
1.0818732
1.0818187
1.0817643
1.0817101
1.0816557
1.0816013
1.081547
1.0814929
1.0814385
1.0813842
1.0813298
1.0812757
1.0812212
1.081167
1.0811125
1.0810584
1.0810039
1.0809495
1.0808952
1.080841
1.0807867
1.0807323
1.080678
1.0806236
1.0805693
1.0805149
1.0804605
1.0804062
1.0803517
1.0802975
1.080243
1.0801886
1.0801342
1.0800799
1.0800253
1.079971
1.0799166
1.079862
1.0798076
1.0797532
1.0796988
1.0796442
1.0795897
1.0795351
1.0794808
1.0794264
1.0793718
1.0793172
1.0792626
1.079208
1.0791535
1.0790988
1.0790443
1.0789896
1.078935
1.0788804
1.0788258
1.0787712
1.0787164
1.0786618
1.078607
1.0785524
1.0784975
1.0784427
1.0783881
1.0783331
1.0782783
1.0782236
1.0781687
1.0781139
1.078059
1.0780041
1.0779492
1.0778943
1.0778394
1.0777842
1.0777293
1.0776744
1.0776194
1.0775644
1.0775092
1.0774543
1.0773991
1.077344
1.077289
1.0772337
1.0771785
1.0771234
1.0770681
1.0770127
1.0769576
1.0769022
1.076847
1.0767916
1.0767361
1.0766809
1.0766253
1.0765699
1.0765145
1.0764589
1.0764035
1.076348
1.0762924
1.0762367
1.0761813
1.0761255
1.0760698
1.076014
1.0759584
1.0759027
1.0758468
1.0757911
1.0757351
1.0756792
1.0756235
1.0755675
1.0755116
1.0754555
1.0753995
1.0753435
1.0752873
1.0752313
1.0751749
1.0751188
1.0750628
1.0750066
1.0749501
1.074894
1.0748374
1.0747811
1.0747248
1.0746685
1.074612
1.0745555
1.0744989
1.0744423
1.0743858
1.074329
1.0742724
1.0742158
1.074159
1.0741023
1.0740455
1.0739888
1.0739319
1.0738748
1.073818
1.0737609
1.0737039
1.0736468
1.0735898
1.0735327
1.0734756
1.0734183
1.073361
1.0733038
1.0732464
1.0731891
1.0731317
1.0730743
1.0730168
1.0729593
1.0729017
1.0728441
1.0727866
1.0727289
1.0726713
1.0726134
1.0725555
1.0724977
1.0724399
1.072382
1.0723239
1.0722661
1.0722079
1.07215
1.0720918
1.0720336
1.0719754
1.0719172
1.0718591
1.0718007
1.0717425
1.0716841
1.0716257
1.0715674
1.0715089
1.0714505
1.0713919
1.0713333
1.0712746
1.071216
1.0711572
1.0710984
1.0710396
1.0709808
1.0709218
1.0708629
1.0708039
1.070745
1.0706857
1.0706266
1.0705673
1.070508
1.0704488
1.0703895
1.07033
1.0702707
1.0702112
1.0701516
1.070092
1.0700322
1.0699726
1.0699128
1.0698531
1.0697932
1.0697334
1.0696733
1.0696133
1.0695531
1.069493
1.069433
1.0693729
1.0693125
1.069252
1.0691917
1.0691314
1.0690708
1.0690101
1.0689497
1.0688889
1.0688282
1.0687674
1.0687066
1.0686458
1.0685848
1.0685238
1.0684627
1.0684017
1.0683405
1.0682793
1.068218
1.0681566
1.0680953
1.0680337
1.0679723
1.0679107
1.0678492
1.0677874
1.0677258
1.0676639
1.067602
1.0675403
1.0674783
1.0674164
1.0673543
1.0672923
1.0672301
1.0671681
1.0671057
1.0670433
1.066981
1.0669188
1.0668563
1.0667938
1.0667312
1.0666686
1.0666059
1.0665431
1.0664804
1.0664176
1.0663548
1.0662918
1.0662286
1.0661656
1.0661024
1.0660391
1.0659758
1.0659125
1.0658492
1.0657858
1.0657222
1.0656586
1.0655949
1.0655311
1.0654676
1.0654036
1.0653397
1.0652758
1.0652118
1.0651476
1.0650836
1.0650191
1.0649551
1.0648907
1.0648263
1.0647618
1.0646973
1.0646327
1.0645679
1.0645033
1.0644386
1.0643736
1.0643086
1.0642437
1.0641786
1.0641136
1.0640483
1.0639831
1.0639178
1.0638524
1.0637869
1.0637214
1.0636557
1.06359
1.0635244
1.0634586
1.0633926
1.0633268
1.0632607
1.0631946
1.0631286
1.0630623
1.0629959
1.0629297
1.0628632
1.0627968
1.0627302
1.0626636
1.062597
1.0625302
1.0624633
1.0623964
1.0623295
1.0622624
1.0621954
1.0621282
1.0620607
1.0619935
1.0619261
1.0618587
1.0617911
1.0617235
1.0616556
1.0615879
1.0615202
1.0614523
1.0613842
1.0613161
1.0612481
1.0611799
1.0611117
1.0610431
1.0609748
1.0609063
1.0608377
1.0607691
1.0607004
1.0606315
1.0605627
1.0604936
1.0604247
1.0603555
1.0602864
1.060217
1.0601478
1.0600783
1.0600089
1.0599393
1.0598696
1.0597999
1.0597302
1.0596603
1.0595902
1.0595202
1.05945
1.0593798
1.0593096
1.0592393
1.0591688
1.0590982
1.0590277
1.058957
1.0588863
1.0588154
1.0587444
1.0586733
1.0586023
1.0585312
1.0584598
1.0583885
1.0583172
1.0582455
1.058174
1.0581023
1.0580306
1.0579587
1.0578867
1.0578146
1.0577426
1.0576706
1.0575982
1.057526
1.0574536
1.0573809
1.0573086
1.0572358
1.057163
1.0570902
1.0570172
1.0569444
1.056871
1.056798
1.0567248
1.0566516
1.0565782
1.0565045
1.0564309
1.0563575
1.0562837
1.0562099
1.056136
1.0560619
1.055988
1.0559137
1.0558394
1.0557653
1.0556906
1.0556163
1.0555415
1.0554669
1.0553923
1.0553172
1.0552423
1.0551674
1.0550921
1.0550171
1.0549417
1.0548663
1.0547909
1.0547152
1.0546396
1.0545639
1.054488
1.054412
1.0543361
1.05426
1.0541838
1.0541077
1.0540311
1.0539546
1.0538782
1.0538014
1.0537249
1.0536479
1.0535712
1.0534942
1.0534173
1.0533402
1.053263
1.0531858
1.0531083
1.0530308
1.0529535
1.0528758
1.052798
1.0527202
1.0526422
1.0525643
1.0524862
1.052408
1.0523297
1.0522512
1.0521728
1.0520942
1.0520157
1.0519369
1.0518578
1.0517789
1.0517
1.0516207
1.0515417
1.0514624
1.0513831
1.0513035
1.0512241
1.0511444
1.0510646
1.0509849
1.0509049
1.0508248
1.0507448
1.0506644
1.0505842
1.0505036
1.0504233
1.0503427
1.050262
1.0501812
1.0501002
1.0500193
1.0499383
1.049857
1.0497755
1.0496944
1.0496128
1.0495311
1.0494496
1.0493677
1.0492859
1.049204
1.0491217
1.0490396
1.0489573
1.048875
1.0487925
1.0487099
1.0486271
1.0485443
1.0484616
1.0483785
1.0482954
1.0482123
1.048129
1.0480455
1.0479622
1.0478785
1.0477947
1.047711
1.0476271
1.0475432
1.0474589
1.0473748
1.0472903
1.0472059
1.0471215
1.0470369
1.0469521
1.0468671
1.0467824
1.0466971
1.0466121
1.0465269
1.0464416
1.046356
1.0462704
1.0461847
1.046099
1.0460131
1.0459272
1.0458409
1.0457548
1.0456685
1.045582
1.0454954
1.0454088
1.045322
1.0452352
1.0451481
1.0450612
1.0449741
1.0448867
1.0447992
1.0447118
1.0446242
1.0445365
1.0444486
1.0443608
1.0442727
1.0441846
1.0440962
1.044008
1.0439194
1.0438309
1.043742
1.0436534
1.0435644
1.0434754
1.0433862
1.0432969
1.0432074
1.0431181
1.0430285
1.0429387
1.0428488
1.042759
1.0426689
1.0425786
1.0424883
1.0423981
1.0423075
1.0422169
1.0421263
1.0420353
1.0419443
1.0418534
1.0417622
1.0416708
1.0415794
1.0414879
1.0413963
1.0413045
1.0412126
1.0411206
1.0410286
1.0409362
1.0408441
1.0407517
1.0406592
1.0405664
1.0404737
1.0403808
1.0402879
1.0401949
1.0401015
1.0400082
1.0399147
1.0398211
1.0397276
1.0396338
1.0395397
1.0394458
1.0393516
1.0392574
1.039163
1.0390685
1.0389739
1.0388792
1.0387843
1.0386893
1.0385942
1.038499
1.0384037
1.0383083
1.0382128
1.038117
1.0380213
1.0379252
1.0378293
1.0377331
1.0376368
1.0375404
1.037444
1.0373472
1.0372504
1.0371537
1.0370564
1.0369595
1.0368621
1.036765
1.0366673
1.0365698
1.0364718
1.036374
1.0362761
1.0361781
1.0360798
1.0359814
1.0358831
1.0357845
1.0356857
1.0355867
1.035488
1.0353888
1.0352896
1.0351902
1.0350908
1.0349911
1.0348915
1.0347917
1.0346918
1.0345917
1.0344914
1.034391
1.0342907
1.0341899
1.0340893
1.0339885
1.0338875
1.0337863
1.0336853
1.0335839
1.0334824
1.0333807
1.0332791
1.0331773
1.0330752
1.032973
1.0328708
1.0327685
1.0326658
1.0325633
1.0324606
1.0323577
1.0322548
1.0321515
1.0320483
1.031945
1.0318415
1.0317377
1.031634
1.0315301
1.0314261
1.0313218
1.0312177
1.031113
1.0310085
1.0309038
1.030799
1.0306941
1.030589
1.030484
1.0303788
1.0302733
1.0301678
1.0300624
1.0299566
1.0298508
1.0297446
1.0296385
1.0295324
1.029426
1.0293194
1.0292127
1.029106
1.0289991
1.0288919
1.0287849
1.0286775
1.02857
1.0284624
1.0283548
1.0282471
1.0281394
1.0280313
1.0279232
1.0278151
1.0277067
1.0275983
1.0274897
