0.0
0.0
0.0
0.0
0.0
0.0
0.0
0.0
0.0
0.0
0.0
0.0
0.0
0.0
0.0
0.0074074073
0.0074074073
0.014814815
0.0074074073
0.014814815
0.014814815
0.014814815
0.022222223
0.022222223
0.02962963
0.06666667
0.096296296
0.16296296
0.17777778
0.2074074
0.26666668
0.26666668
0.2888889
0.31111112
0.32592592
0.33333334
0.33333334
0.33333334
0.33333334
0.33333334
0.33333334
0.34074074
0.34074074
0.34074074
0.34074074
0.34074074
0.34074074
0.34074074
0.34074074
0.34074074
0.34074074
0.34074074
0.34074074
0.34074074
0.34074074
0.34074074
0.34074074
0.34074074
0.34074074
0.34074074
0.34074074
0.34074074
0.34074074
0.34074074
0.34074074
0.34074074
0.34074074
0.34074074
0.34074074
0.34074074
0.34074074
0.34074074
0.34074074
0.34074074
0.34074074
0.34074074
0.34074074
0.34074074
0.34074074
0.34074074
0.34074074
0.34074074
0.34074074
0.34074074
0.34074074
0.34074074
0.34074074
0.34074074
0.34074074
0.34074074
0.34074074
0.34074074
0.34074074
0.34074074
0.34074074
0.34074074
0.34074074
0.34074074
0.34074074
0.34074074
0.34074074
0.34074074
0.34074074
0.34074074
0.34074074
0.34074074
0.34074074
0.34074074
0.34074074
0.34074074
0.34074074
0.34074074
0.34074074
0.34074074
0.34074074
0.34074074
0.34074074
0.34074074
0.34074074
0.34074074
0.34074074
0.34074074
0.34074074
0.34074074
0.34074074
0.34074074
0.34074074
0.34074074
0.34074074
0.34074074
0.34074074
0.34074074
0.34074074
0.34074074
0.34074074
0.34074074
0.34074074
0.34074074
0.34074074
0.34074074
0.34074074
0.34074074
0.34074074
0.34074074
0.34074074
0.34074074
0.34074074
0.34074074
0.34074074
0.34074074
0.34074074
0.34074074
0.34074074
0.34074074
0.34074074
0.34074074
0.34074074
0.34074074
0.34074074
0.34074074
0.34074074
0.34074074
0.34074074
0.34074074
0.34074074
0.34074074
0.34074074
0.34074074
0.34074074
0.34074074
0.34074074
0.34074074
0.34074074
0.34074074
0.34074074
0.34074074
0.34074074
0.34074074
0.34074074
0.34074074
0.34074074
0.34074074
0.34074074
0.34074074
0.34074074
0.34074074
0.34074074
0.34074074
0.34074074
0.34074074
0.34074074
0.34074074
0.34074074
0.34814814
0.35555556
0.35555556
0.35555556
0.35555556
0.35555556
0.35555556
0.36296296
0.37037036
0.37037036
0.37037036
0.39259258
0.4074074
0.4148148
0.42962962
0.46666667
0.4814815
0.5037037
0.52592593
0.5555556
0.5555556
0.6
0.6
0.6
0.6074074
0.6148148
0.65185183
0.65185183
0.65925926
0.65925926
0.65925926
0.6666667
0.6666667
0.6666667
0.6666667
0.67407405
0.67407405
0.67407405
0.6814815
0.6814815
0.6814815
0.6814815
0.6814815
0.6814815
0.6814815
0.6814815
0.6814815
0.6814815
0.6814815
0.6814815
0.6814815
0.6814815
0.6814815
0.6814815
0.6814815
0.6814815
0.6814815
0.6814815
0.6814815
0.6814815
0.6814815
0.6814815
0.6814815
0.6814815
0.6814815
0.6814815
0.6814815
0.6814815
0.6814815
0.6814815
0.6814815
0.6814815
0.6814815
0.6814815
0.6814815
0.6814815
0.6814815
0.6814815
0.6814815
0.6814815
0.6814815
0.6814815
0.6814815
0.6814815
0.6814815
0.6814815
0.6814815
0.6814815
0.6814815
0.6814815
0.6814815
0.6814815
0.6814815
0.6814815
0.6814815
0.6814815
0.6814815
0.6814815
0.6814815
0.6814815
0.6814815
0.6814815
0.6814815
0.6814815
0.6814815
0.6814815
0.6814815
0.6814815
0.6814815
0.6814815
0.6814815
0.6814815
0.6814815
0.6814815
0.6814815
0.6814815
0.6814815
0.6814815
0.6814815
0.6814815
0.6814815
0.6814815
0.6814815
0.6814815
0.6814815
0.6814815
0.6814815
0.6814815
0.6814815
0.6814815
0.6814815
0.6814815
0.6814815
0.6814815
0.6814815
0.6814815
0.6814815
0.6814815
0.6814815
0.6814815
0.6814815
0.6814815
0.6814815
0.6814815
0.6814815
0.6814815
0.6814815
0.6814815
0.6814815
0.6814815
0.6814815
0.6814815
0.6814815
0.6814815
0.6814815
0.6814815
0.6814815
0.6814815
0.6814815
0.6814815
0.6814815
0.6814815
0.6814815
0.6814815
0.6814815
0.6814815
0.6814815
0.6814815
0.6814815
0.6814815
0.6814815
0.6814815
0.6814815
0.6814815
0.6814815
0.6814815
0.6814815
0.6814815
0.6814815
0.6814815
0.6814815
0.6814815
0.6814815
0.6814815
0.6814815
0.6814815
0.6814815
0.6814815
0.6814815
0.6814815
0.6814815
0.6814815
0.6814815
0.6814815
0.6814815
0.6814815
0.6814815
0.6814815
0.6814815
0.6814815
0.6814815
0.6814815
0.6814815
0.6814815
0.6814815
0.6814815
0.6814815
0.6814815
0.6814815
0.6814815
0.6814815
0.6814815
0.6814815
0.6814815
0.6814815
0.6814815
0.6814815
0.6814815
0.6814815
0.6814815
0.6814815
0.6814815
0.6814815
0.6814815
0.6814815
0.6814815
0.6814815
0.6814815
0.6814815
0.6814815
0.6814815
0.6814815
0.6814815
0.6814815
0.6814815
0.6814815
0.6814815
0.6814815
0.6814815
0.6814815
0.6814815
0.6814815
0.6814815
0.6814815
0.6814815
0.6814815
0.6814815
0.6814815
0.6814815
0.6814815
0.6814815
0.6814815
0.6814815
0.6814815
0.6814815
0.6814815
0.6814815
0.6814815
0.6814815
0.6814815
0.6814815
0.6814815
0.6814815
0.6814815
0.6814815
0.6814815
0.6814815
0.6814815
0.6814815
0.6814815
0.6814815
0.6814815
0.6814815
0.6814815
0.6814815
0.6814815
0.6814815
0.6814815
0.6814815
0.6814815
0.6814815
0.6814815
0.6814815
0.6814815
0.6814815
0.6814815
0.6814815
0.6814815
0.6814815
0.6814815
0.6814815
0.6814815
0.6814815
0.6814815
0.6814815
0.6814815
0.6814815
0.6814815
0.6814815
0.6814815
0.6814815
0.6814815
0.6814815
0.6888889
0.6888889
0.6888889
0.6888889
0.6888889
0.6888889
0.6888889
0.6888889
0.6888889
0.6888889
0.6888889
0.6888889
0.6888889
0.6888889
0.6888889
0.6888889
0.6888889
0.6888889
0.6888889
0.6888889
0.6888889
0.6888889
0.6888889
0.6888889
0.6888889
0.6888889
0.6888889
0.6888889
0.6888889
0.6888889
0.6962963
0.6962963
0.6962963
0.6962963
0.6962963
0.6962963
0.6962963
0.6962963
0.6962963
0.6962963
0.6962963
0.6962963
0.6962963
0.6962963
0.6962963
0.7111111
0.7111111
0.7111111
0.7111111
0.7111111
0.7111111
0.7111111
0.7111111
0.7111111
0.7111111
0.7111111
0.7111111
0.7111111
0.7111111
0.7111111
0.7111111
0.7111111
0.7111111
0.7111111
0.7111111
0.7111111
0.7111111
0.7111111
0.7111111
0.7111111
0.7111111
0.7111111
0.7111111
0.7111111
0.7111111
0.7111111
0.7111111
0.7111111
0.7111111
0.7111111
0.7111111
0.7111111
0.7111111
0.7111111
0.7111111
0.7111111
0.7111111
0.7185185
0.7111111
0.7185185
0.7185185
0.7185185
0.7185185
0.7185185
0.7185185
0.7185185
0.7185185
0.7185185
0.7185185
0.7185185
0.7185185
0.7185185
0.7259259
0.7259259
0.7259259
0.7259259
0.7259259
0.7259259
0.73333335
0.7259259
0.7407407
0.7259259
0.73333335
0.74814814
0.75555557
0.74814814
0.76296294
0.76296294
0.75555557
0.75555557
0.76296294
0.77037036
0.77037036
0.7777778
0.7777778
0.8
0.78518516
0.8
0.8
0.8
0.8
0.8
0.8
0.8
0.8148148
0.8
0.8148148
0.8
0.8148148
0.82222223
0.82222223
0.82222223
0.82222223
0.82222223
0.82222223
0.82222223
0.82222223
0.82222223
0.8296296
0.82222223
0.82222223
0.82222223
0.8296296
0.8296296
0.8296296
0.8296296
0.8296296
0.8296296
0.8296296
0.8296296
0.8296296
0.8296296
0.8296296
0.8518519
0.84444445
0.8518519
0.8518519
0.8518519
0.8518519
0.8518519
0.8518519
0.85925925
0.8666667
0.8666667
0.85925925
0.85925925
0.8666667
0.8666667
0.85925925
0.8666667
0.8666667
0.8666667
0.8666667
0.8666667
0.8666667
0.8666667
0.8666667
0.8666667
0.8666667
0.8666667
0.8666667
0.8666667
0.8666667
0.8666667
0.8666667
0.8666667
0.8666667
0.8666667
0.8666667
0.8666667
0.8666667
0.8740741
0.88148147
0.88148147
0.88148147
0.8888889
0.8888889
0.88148147
0.8888889
0.8888889
0.8888889
0.8888889
0.8962963
0.8962963
0.8962963
0.8962963
0.8962963
0.8962963
0.8962963
0.8962963
0.9037037
0.8962963
0.9037037
0.9037037
0.91851854
0.91851854
0.9111111
0.9111111
0.91851854
0.91851854
0.9111111
0.91851854
0.91851854
0.91851854
0.91851854
0.91851854
0.91851854
0.91851854
0.91851854
0.91851854
0.93333334
0.93333334
0.91851854
0.93333334
0.93333334
0.93333334
0.91851854
0.93333334
0.93333334
0.93333334
0.93333334
0.93333334
0.93333334
0.93333334
0.93333334
0.93333334
0.93333334
0.93333334
0.93333334
0.93333334
0.93333334
0.93333334
0.93333334
0.93333334
0.93333334
0.93333334
0.93333334
0.93333334
0.93333334
0.93333334
0.93333334
0.93333334
0.93333334
0.93333334
0.93333334
0.93333334
0.93333334
0.93333334
0.93333334
0.93333334
0.93333334
0.93333334
0.93333334
0.93333334
0.93333334
0.93333334
0.93333334
0.93333334
0.93333334
0.93333334
0.93333334
0.93333334
0.93333334
0.93333334
0.93333334
0.94074076
0.93333334
0.93333334
0.93333334
0.94074076
0.93333334
0.93333334
0.94074076
0.94074076
0.94074076
0.94074076
0.94074076
0.93333334
0.94074076
0.94074076
0.94074076
0.94814813
0.94814813
0.94814813
0.94814813
0.94074076
0.94074076
0.94074076
0.94074076
0.94074076
0.94814813
0.94074076
0.94814813
0.95555556
0.95555556
0.94814813
0.95555556
0.95555556
0.95555556
0.95555556
0.95555556
0.95555556
0.94814813
0.94074076
0.95555556
0.95555556
0.94074076
0.95555556
0.95555556
0.95555556
0.95555556
0.95555556
0.95555556
0.95555556
0.95555556
0.95555556
0.95555556
0.95555556
0.95555556
0.95555556
0.95555556
0.95555556
0.95555556
0.95555556
0.95555556
0.95555556
0.95555556
0.95555556
0.95555556
0.95555556
0.95555556
0.95555556
0.95555556
0.95555556
0.95555556
0.95555556
0.95555556
0.95555556
0.95555556
0.95555556
0.95555556
0.95555556
0.95555556
0.95555556
0.95555556
0.95555556
0.95555556
0.95555556
0.95555556
0.962963
0.95555556
0.95555556
0.95555556
0.95555556
0.95555556
0.962963
0.962963
0.95555556
0.962963
0.95555556
0.95555556
0.95555556
0.95555556
0.95555556
0.95555556
0.95555556
0.95555556
0.962963
0.962963
0.95555556
0.97037035
0.97037035
0.97037035
0.962963
0.962963
0.962963
0.962963
0.962963
0.962963
0.962963
0.962963
0.97037035
0.962963
0.97037035
0.962963
0.97037035
0.97037035
0.97037035
0.97037035
0.97037035
0.97037035
0.962963
0.962963
0.97037035
0.97037035
0.97037035
0.97037035
0.97037035
0.97037035
0.97037035
0.97037035
0.97037035
0.97037035
0.97037035
0.97037035
0.97037035
0.97037035
0.97037035
0.97037035
0.97037035
0.97037035
0.97037035
0.97037035
0.97037035
0.97037035
0.97037035
0.97037035
0.97037035
0.97037035
0.97037035
0.97037035
0.97037035
0.97037035
0.97037035
0.97037035
0.97037035
0.97037035
0.97037035
0.97037035
0.97037035
0.97037035
0.97037035
0.97037035
0.97037035
0.97037035
0.97037035
0.97037035
0.97037035
0.97037035
0.97037035
0.97037035
0.97037035
0.97037035
0.97037035
0.97037035
0.97037035
0.97037035
0.97037035
0.97037035
0.97037035
0.97037035
0.97037035
0.97037035
0.97037035
0.97037035
0.97037035
0.97037035
0.97037035
0.97037035
0.97037035
0.97037035
0.97037035
0.97037035
0.97037035
0.97037035
0.97037035
0.97037035
0.97037035
0.97037035
0.97037035
0.97037035
0.97037035
0.97037035
0.97037035
