0.22728044
0.2271149
0.22695191
0.22679293
0.22664027
0.22648372
0.2263514
0.22620124
0.22605628
0.22592553
0.22579297
0.22566159
0.22553484
0.22541274
0.22529015
0.22517744
0.2250491
0.22494073
0.22482805
0.2247161
0.22460906
0.22450899
0.22441074
0.22429788
0.22420387
0.22410671
0.22401102
0.22391027
0.2238216
0.2237347
0.22364002
0.22355652
0.22346273
0.2233769
0.2232867
0.22320497
0.22312002
0.22304378
0.22296172
0.22288345
0.22280313
0.22272386
0.2226469
0.22257103
0.22249418
0.2224194
0.22234002
0.2222749
0.22219637
0.222125
0.22204946
0.22197355
0.22190064
0.2218345
0.22176138
0.22169337
0.22161789
0.22154911
0.22147949
0.22141032
0.22134258
0.22126849
0.22119944
0.22113243
0.22106521
0.22098589
0.22091906
0.22084816
0.2207852
0.2207082
0.22063626
0.22056891
0.22049871
0.2204244
0.22035308
0.220285
0.22021215
0.22014414
0.22006851
0.21999717
0.21991943
0.21985212
0.21977203
0.21970016
0.21962574
0.21954697
0.21947151
0.21939957
0.21932206
0.21923979
0.21916735
0.21908277
0.21900375
0.2189274
0.21884497
0.21876119
0.21868193
0.21859668
0.21851517
0.21843106
0.2183489
0.21826077
0.21817657
0.21808393
0.21799834
0.21790683
0.21781978
0.2177266
0.21764027
0.21754757
0.21745121
0.21735977
0.21726196
0.217163
0.21706837
0.21697135
0.21687429
0.21677215
0.21667145
0.216569
0.2164661
0.21636158
0.21625723
0.21615528
0.21604344
0.21593556
0.21582639
0.21571982
0.21560784
0.2154929
0.2153795
0.21526752
0.21514904
0.2150381
0.21491066
0.21479206
0.21467434
0.21455084
0.2144276
0.21430421
0.21417855
0.21405523
0.213927
0.21379608
0.21367295
0.21353492
0.21340585
0.21327792
0.21313645
0.21300378
0.2128603
0.212728
0.21258418
0.21244268
0.21230166
0.21215656
0.21201223
0.21187113
0.21171862
0.21156506
0.21141714
0.2112672
0.21110946
0.2109516
0.2108014
0.21064153
0.21048142
0.21032044
0.21015736
0.20999376
0.20983303
0.20966153
0.20949478
0.2093264
0.20915356
0.20897967
0.20880103
0.20862679
0.20844649
0.20826651
0.20808506
0.20790173
0.20771603
0.20752822
0.20734422
0.2071519
0.20695876
0.20676549
0.20657161
0.20637457
0.20617771
0.20597638
0.20577234
0.20556614
0.2053604
0.20515278
0.20493837
0.204731
0.20450793
0.20429876
0.20407711
0.20385797
0.20362927
0.20340689
0.20318049
0.20295075
0.20272279
0.20248377
0.20224498
0.20201434
0.20177303
0.20153019
0.20128103
0.20103781
0.20078179
0.20053741
0.2002803
0.20002092
0.19976471
0.19950202
0.19923806
0.19896606
0.19870237
0.19842874
0.19814685
0.19787443
0.1975946
0.1973057
0.19702421
0.19672823
0.19644289
0.19614203
0.1958468
0.1955485
0.19524653
0.19493352
0.19462548
0.19430777
0.19398905
0.1936789
0.19335301
0.1930294
0.19269592
0.19236037
0.19203265
0.19169094
0.19135493
0.19101024
0.19066256
0.19033691
0.1899914
0.18964434
0.18929814
0.18894644
0.18860023
0.18825044
0.1879109
0.18757865
0.18723898
0.18690085
0.18657322
0.18623193
0.18590732
0.18556002
0.18523538
0.18489324
0.18455684
0.18421438
0.18388982
0.18354937
0.18322161
0.18288569
0.18256457
0.18222582
0.18189569
0.1815703
0.18123195
0.18089339
0.18056932
0.18023661
0.17989683
0.17957842
0.17924514
0.17890665
0.17857881
0.1782405
0.17790681
0.17757173
0.17723818
0.17691018
0.17656372
0.17624094
0.17590003
0.1755661
0.17522407
0.17490256
0.17455903
0.17423129
0.1738817
0.1735517
0.17322119
0.1728755
0.17253834
0.17219913
0.17185515
0.17151882
0.1711883
0.17083728
0.1705008
0.17015244
0.16980977
0.16945735
0.16912499
0.16877495
0.16842727
0.16808096
0.16772772
0.16737002
0.16703191
0.16667163
0.16631405
0.16596815
0.16560066
0.16523463
0.1648828
0.16452588
0.16416445
0.16380204
0.16344546
0.16306813
0.16269884
0.16234572
0.16195934
0.16159876
0.1612243
0.16085058
0.16047473
0.16011459
0.15972944
0.15934995
0.15897895
0.15860021
0.15821703
0.15784134
0.15746677
0.15707976
0.15669098
0.15630692
0.1559211
0.15554145
0.15515177
0.15477316
0.15438429
0.15399688
0.1536089
0.15321256
0.15282393
0.15244125
0.1520599
0.15165596
0.15126729
0.15088722
0.15049493
0.15009987
0.14972365
0.14932793
0.14893857
0.14854507
0.14816867
0.1477681
0.1473806
0.14699829
0.14660724
0.14622936
0.14584534
0.14546141
0.14508478
0.14469749
0.14431053
0.1439371
0.1435656
0.14319384
0.14281078
0.14243607
0.14205745
0.14168048
0.14131533
0.1409523
0.1405748
0.14021987
0.13984902
0.139493
0.13913244
0.13876832
0.13840455
0.13805102
0.13770367
0.13735105
0.13699682
0.13665514
0.13630527
0.13596652
0.13562463
0.13528037
0.13495319
0.13461126
0.13428845
0.13395229
0.13361782
0.1332924
0.13297182
0.13264789
0.13231921
0.13200426
0.13169733
0.13137752
0.13106643
0.13075116
0.13045432
0.13013962
0.12983263
0.12953971
0.1292386
0.12894207
0.12864748
0.12835018
0.12807156
0.12777737
0.12749368
0.1272103
0.12692803
0.12664899
0.1263732
0.12609442
0.12582293
0.12555018
0.12528342
0.1250121
0.124745235
0.12448428
0.12422538
0.12396384
0.12370727
0.12345155
0.123198815
0.1229474
0.12270448
0.12245307
0.12220929
0.12196348
0.12172081
0.12148063
0.12124886
0.121011905
0.12077379
0.120545246
0.12030971
0.12008506
0.11985262
0.11962867
0.11940705
0.11918124
0.118964694
0.11874624
0.11852553
0.11831052
0.11809329
0.11788569
0.11767194
0.1174643
0.11725364
0.11704771
0.11684229
0.1166402
0.11643557
0.116236925
0.116032824
0.11583742
0.11564026
0.11544371
0.11525481
0.11506089
0.11487044
0.114678524
0.11448795
0.1143008
0.11411382
0.113928534
0.113746725
0.113563776
0.113380246
0.113199905
0.11301679
0.11284246
0.112666436
0.11248916
0.112314135
0.11213879
0.11196768
0.11179338
0.11162653
0.11145407
0.11128426
0.11111922
0.11095229
0.110783145
0.11062083
0.11045502
0.11029469
0.110128954
0.109968014
0.10980666
0.10965009
0.109492466
0.109328784
0.10917652
0.10901788
0.10886352
0.10870594
0.10855218
0.10840133
0.10824675
0.10809348
0.10794147
0.10779715
0.107647054
0.1074941
0.10734622
0.10720019
0.10704933
0.10690365
0.10676029
0.10661346
0.10646755
0.106327094
0.106181756
0.106039464
0.10589691
0.10575647
0.105615035
0.10547872
0.10533419
0.1051957
0.105061635
0.10491701
0.10478286
0.104641356
0.10450535
0.10437453
0.10423871
0.10409932
0.10396284
0.10382723
0.10369331
0.10356287
0.10342878
0.10329551
0.10316172
0.103031486
0.10290284
0.10276829
0.10263714
0.10250655
0.102378786
0.10225049
0.1021178
0.101992786
0.101860754
0.1017317
0.10160991
0.10147854
0.101350226
0.10122493
0.10110017
0.100969754
0.10084561
0.10071859
0.100592546
0.10047652
0.10034771
0.10021959
0.100100264
0.09997415
0.09984789
0.09972661
0.09960159
0.09948006
0.099356934
0.09923356
0.09911125
0.098996
0.09886912
0.09874862
0.098625034
0.09850536
0.09838546
0.09826438
0.09814579
0.09802114
0.09790286
0.09778127
0.09766545
0.09754426
0.09742347
0.09730294
0.09719208
0.09706583
0.0969531
0.09683073
0.09671208
0.09659411
0.09647716
0.096356675
0.096241176
0.09612684
0.09601169
0.09589224
0.09577332
0.0956585
0.095537744
0.09542191
0.095303446
0.09518917
0.09507099
0.094954625
0.094837844
0.09472407
0.09460859
0.09449151
0.0943766
0.09426109
0.09414896
0.09402959
0.093919516
0.09379856
0.093683176
0.09357057
0.09345425
0.09333893
0.0932256
0.09311179
0.09299685
0.092885695
0.09276638
0.09265286
0.0925397
0.09242756
0.09231321
0.09219656
0.09208297
0.091971375
0.091855876
0.091743715
0.09163384
0.09152178
0.09140407
0.09128856
0.09117848
0.09106388
0.090951055
0.090838395
0.09072584
0.09061303
0.09049771
0.09038682
0.09027638
0.09016382
0.09004613
0.089936204
0.089822255
0.08971169
0.08959926
0.08948543
0.0893723
0.08926533
0.08914729
0.08903592
0.0889229
0.08881478
0.088698156
0.088591464
0.08847918
0.08836376
0.08825372
0.08814055
0.088028155
0.087915935
0.08780189
0.087690435
0.08758027
0.087468535
0.0873595
0.08724778
0.087134235
0.08702486
0.08691263
0.086799026
0.08668607
0.08657519
0.08646387
0.08635106
0.08623893
0.08612813
0.086022526
0.085905164
0.08579307
0.08568317
0.08557483
0.08545831
0.08534886
0.08523605
0.08512454
0.08501382
0.08490084
0.08479082
0.08467982
0.084569305
0.08446036
0.08435216
0.08423639
0.08412768
0.08401439
0.083904624
0.0837901
0.083681524
0.08357182
0.08345748
0.0833501
0.08323662
0.08312615
0.08301738
0.08290295
0.08279269
0.08268163
0.08257082
0.08246248
0.082350366
0.08224334
0.082125805
0.082014754
0.081907116
0.08179537
0.08168569
0.08157595
0.08146337
0.081352554
0.08124151
0.081129655
0.08101989
0.08090892
0.08080102
0.08068941
0.0805767
0.08046763
0.08035706
0.080244236
0.08013574
0.080026284
0.07991474
0.07980328
0.079697594
0.079583965
0.07948329
0.07936075
0.07925432
0.07914287
0.07903061
0.07892325
0.0788126
0.07870355
0.07859555
0.07848226
0.07837349
0.0782609
0.07815365
0.07804491
0.07793242
0.07782802
0.07771384
0.077602446
0.077494964
0.07738403
0.07727252
0.07716698
0.07705354
0.076947376
0.07683542
0.07672578
0.07662543
0.07651041
0.076405495
0.07628923
0.07617816
0.076072544
0.075961664
0.0758527
0.07574626
0.07563582
0.07552471
0.075416625
0.075307585
0.0751996
0.07508905
0.07499175
0.07487172
0.07476423
0.07465718
0.07455186
0.07444183
0.074330516
0.07422184
0.07411472
0.07400536
0.073899716
0.07379657
0.07368207
0.073574215
0.07346699
0.073358595
0.0732551
0.07314383
0.07303879
0.07292898
0.07282003
0.072713725
0.07260527
0.07249857
0.07239028
0.07228811
0.072185084
0.07207369
0.07196452
0.07187425
0.07175143
0.071644284
0.07154192
0.07143064
0.07132595
0.07122094
0.071112745
0.07100379
0.07089769
0.070795394
0.07068663
0.07058184
0.070475765
0.070374206
0.07026953
0.07016359
0.07005577
0.06995626
0.069847904
0.06973879
0.06963356
0.06952798
0.069422744
0.06932421
0.06921772
0.06911198
0.069007136
0.06890274
0.06879953
0.06869593
0.06858975
0.068485305
0.06838029
0.0682768
0.06817311
0.06806917
0.06796655
0.067878194
0.067758925
0.06765878
0.067553736
0.067449845
0.067350954
0.06724364
0.067146786
0.06704479
0.06693751
0.066836104
0.06673399
0.066630095
0.06652926
0.06642377
0.06632716
0.06622476
0.06613786
0.06602331
0.06591662
0.06582382
0.065718815
0.06561831
0.06551376
0.065415114
0.0653148
0.06521647
0.06511056
0.06501146
0.06491288
0.06481595
0.06471182
0.06461375
0.06451355
0.06441557
0.06431146
0.06421385
0.06411813
0.06401859
0.06391513
0.06382197
0.06371991
0.06362354
0.063525006
0.06342674
0.063324735
0.06323046
0.06314503
0.063043654
0.06293466
0.06283765
0.062738985
0.0626475
0.062550455
0.06245388
0.062353406
0.062258266
0.062163275
0.06206329
0.061973568
0.061877746
0.06177811
0.061684977
0.06158636
0.061501425
0.061394695
0.06129891
0.061202332
0.061109655
0.06101394
0.060921054
0.06083415
0.060733862
0.06064992
0.060552586
0.060452305
0.06036296
0.060262043
0.0601782
0.060074978
0.05998492
0.059892107
0.059796344
0.05971039
0.059611697
0.05952225
0.05942764
0.059339352
0.05924328
0.059150916
0.059070297
0.05896636
0.058876194
0.058786824
0.05869522
0.058604933
0.05851819
0.058423232
0.058331754
0.058242835
0.05814976
0.058060214
0.057972275
0.057880506
0.057792805
0.05770396
0.057614457
0.057525247
0.057433616
0.05734617
0.057258856
0.057172827
0.05708414
0.056995712
0.056903534
0.05681944
0.056733318
0.056642145
0.056562632
0.056468815
0.056389496
0.056297157
0.056215677
0.05612153
0.056035027
0.05594833
0.055866398
0.05577968
0.055706028
0.05562078
