0.65925926
0.6814815
0.6666667
0.52592593
0.35555556
0.35555556
0.35555556
0.35555556
0.35555556
0.35555556
0.35555556
0.35555556
0.35555556
0.36296296
0.36296296
0.52592593
0.62222224
0.6962963
0.7925926
0.7111111
0.75555557
0.64444447
0.6666667
0.64444447
0.67407405
0.67407405
0.6666667
0.67407405
0.6666667
0.6666667
0.6666667
0.6666667
0.6666667
0.6666667
0.6666667
0.6666667
0.6666667
0.6666667
0.6666667
0.6666667
0.6814815
0.6666667
0.6814815
0.6814815
0.6814815
0.6814815
0.6814815
0.6814815
0.7037037
0.7037037
0.6962963
0.7037037
0.7111111
0.7111111
0.7111111
0.73333335
0.73333335
0.7111111
0.7407407
0.76296294
0.76296294
0.7925926
0.8148148
0.7925926
0.8074074
0.837037
0.8148148
0.8148148
0.837037
0.837037
0.85925925
0.8666667
0.8666667
0.8666667
0.8666667
0.8666667
0.8888889
0.88148147
0.8888889
0.8888889
0.8888889
0.9037037
0.9111111
0.9111111
0.9111111
0.9037037
0.9111111
0.9111111
0.91851854
0.91851854
0.9111111
0.9259259
0.94814813
0.94814813
0.94814813
0.94814813
0.94814813
0.94814813
0.94814813
0.94814813
0.93333334
0.962963
0.94814813
0.94814813
0.94814813
0.962963
0.97037035
0.94814813
0.94814813
0.94814813
0.94814813
0.97037035
0.95555556
0.97037035
0.97037035
0.97037035
0.97037035
0.94814813
0.95555556
0.97037035
0.97037035
0.97037035
0.97037035
0.97037035
0.97037035
0.97037035
0.9777778
0.9777778
0.97037035
0.97037035
0.9777778
0.97037035
0.9777778
0.97037035
0.9777778
0.97037035
0.97037035
0.97037035
0.97037035
0.9777778
0.9777778
0.9777778
0.97037035
0.9777778
0.97037035
0.9777778
0.9777778
0.9777778
0.97037035
0.9777778
0.9777778
0.9777778
0.9777778
0.97037035
0.9777778
0.9777778
0.9777778
0.9777778
0.9777778
0.97037035
0.9777778
0.9777778
0.9777778
0.9777778
0.9777778
0.9777778
0.9777778
0.9777778
0.9777778
0.9777778
0.9777778
0.9777778
0.9777778
0.97037035
0.9777778
0.9777778
0.9777778
0.97037035
0.9777778
0.9777778
0.9777778
0.9777778
0.9777778
0.9777778
0.9777778
0.9777778
0.9777778
0.9777778
0.9777778
0.9777778
0.9777778
0.9777778
0.9777778
0.9777778
0.9777778
0.9777778
0.97037035
0.9777778
0.9777778
0.9777778
0.9777778
0.9777778
0.9777778
0.9851852
0.9777778
0.9777778
0.9777778
0.9851852
0.9777778
0.9777778
0.9777778
0.9777778
0.9777778
0.9851852
0.9777778
0.9777778
0.9777778
0.9777778
0.9777778
0.9777778
0.9777778
0.9777778
0.9777778
0.9777778
0.9777778
0.9777778
0.9777778
0.9851852
0.9777778
0.9777778
0.9777778
0.9777778
0.9777778
0.9777778
0.9777778
0.9777778
0.9777778
0.9777778
0.9851852
0.9777778
0.9777778
0.9777778
0.9777778
0.9851852
0.9777778
0.9851852
0.9777778
0.9777778
0.9777778
0.9777778
0.9777778
0.9851852
0.9777778
0.9851852
0.9777778
0.9777778
0.9851852
0.9777778
0.9851852
0.9777778
0.9851852
0.9777778
0.9777778
0.9777778
0.9851852
0.9777778
0.9851852
0.9777778
0.9851852
0.9777778
0.9777778
0.9777778
0.9851852
0.9851852
0.9777778
0.9777778
0.9777778
0.9777778
0.9851852
0.9777778
0.9777778
0.9777778
0.9851852
0.9777778
0.9851852
0.9777778
0.9777778
0.9851852
0.9777778
0.9777778
0.9851852
0.9851852
0.9777778
0.9851852
0.9777778
0.9851852
0.9777778
0.9777778
0.9777778
0.9851852
0.9851852
0.9851852
0.9851852
0.9777778
0.9851852
0.9851852
0.9851852
0.9851852
0.9851852
0.9851852
0.9851852
0.9851852
0.9851852
0.9851852
0.9851852
0.9851852
0.9777778
0.9777778
0.9777778
0.9851852
0.9851852
0.9851852
0.9851852
0.9851852
0.9851852
0.9851852
0.9851852
0.9777778
0.9851852
0.9851852
0.9851852
0.9851852
0.9851852
0.9851852
0.9851852
0.9851852
0.9851852
0.9851852
0.9851852
0.9851852
0.9851852
0.9851852
0.9851852
0.9851852
0.9777778
0.9777778
0.9851852
0.9851852
0.9851852
0.9851852
0.9777778
0.9851852
0.9851852
0.9851852
0.9851852
0.9851852
0.9851852
0.9851852
0.9851852
0.9777778
0.9851852
0.9851852
0.9851852
0.9851852
0.9851852
0.9851852
0.9851852
0.9851852
0.9851852
0.9851852
0.9851852
0.9851852
0.9851852
0.9851852
0.9851852
0.9851852
0.9851852
0.9851852
0.9777778
0.9851852
0.9851852
0.9851852
0.97037035
0.9851852
0.9851852
0.9851852
0.9851852
0.9851852
0.9851852
0.9851852
0.9851852
0.9851852
0.9777778
0.9851852
0.9851852
0.9851852
0.9851852
0.9851852
0.9851852
0.9851852
0.9851852
0.9851852
0.9851852
0.9851852
0.9777778
0.9851852
0.9851852
0.9851852
0.9851852
0.9851852
0.9851852
0.9851852
0.9851852
0.9851852
0.9851852
0.9851852
0.9851852
0.9851852
0.9851852
0.9851852
0.9851852
0.9851852
0.9851852
0.9777778
0.9851852
0.97037035
0.9851852
0.9851852
0.9851852
0.9851852
0.9851852
0.9851852
0.9851852
0.9851852
0.9851852
0.9851852
0.9851852
0.9851852
0.9851852
0.9851852
0.9851852
0.9851852
0.9851852
0.9851852
0.9851852
0.9851852
0.9851852
0.9851852
0.9851852
0.9851852
0.9851852
0.9851852
0.9851852
0.9851852
0.9851852
0.9851852
0.9851852
0.9851852
0.9851852
0.9851852
0.9851852
0.9851852
0.9851852
0.9851852
0.9851852
0.9851852
0.9851852
0.9851852
0.9851852
0.9851852
0.9851852
0.9851852
0.9851852
0.9851852
0.9851852
0.9851852
0.9851852
0.9851852
0.9851852
0.9851852
0.9851852
0.97037035
0.9851852
0.9851852
0.9851852
0.9851852
0.9851852
0.9851852
0.9851852
0.9851852
0.9851852
0.9851852
0.9851852
0.9851852
0.9851852
0.9851852
0.9851852
0.9851852
0.9851852
0.9777778
0.9851852
0.9851852
0.9851852
0.9851852
0.9851852
0.9851852
0.9851852
0.9851852
0.9851852
0.9851852
0.9851852
0.9851852
0.9851852
0.9851852
0.9851852
0.9851852
0.9851852
0.9851852
0.9851852
0.9851852
0.9851852
0.9851852
0.9851852
0.9851852
0.9851852
0.9851852
0.9851852
0.9851852
0.9851852
0.9851852
0.9851852
0.9851852
0.9851852
0.9851852
0.9851852
0.9851852
0.9851852
0.9851852
0.9851852
0.9851852
0.9851852
0.9851852
0.9851852
0.9851852
0.9851852
0.9851852
0.9851852
0.9851852
0.9851852
0.9851852
0.9851852
0.9851852
0.9851852
0.9777778
0.9777778
0.9851852
0.9851852
0.9851852
0.9851852
0.9851852
0.9851852
0.9851852
0.9851852
0.9851852
0.9851852
0.9851852
0.9851852
0.9851852
0.9851852
0.9851852
0.9777778
0.9851852
0.9851852
0.9851852
0.9777778
0.9851852
0.9851852
0.9851852
0.9851852
0.9851852
0.9851852
0.9851852
0.9851852
0.9851852
0.9851852
0.9851852
0.9851852
0.9851852
0.9851852
0.9851852
0.9851852
0.9851852
0.9851852
0.9851852
0.9851852
0.9851852
0.9851852
0.9851852
0.9851852
0.9851852
0.9851852
0.9851852
0.9851852
0.9851852
0.9851852
0.9851852
0.9851852
0.9851852
0.9777778
0.9851852
0.9851852
0.9851852
0.9851852
0.9851852
0.9851852
0.9851852
0.9851852
0.9851852
0.9851852
0.9777778
0.9777778
0.9851852
0.9777778
0.9851852
0.9851852
0.9851852
0.9851852
0.9851852
0.9851852
0.9851852
0.9851852
0.9851852
0.9851852
0.9851852
0.9851852
0.9851852
0.9851852
0.9851852
0.9851852
0.9851852
0.9851852
0.9851852
0.9851852
0.9851852
0.9851852
0.9851852
0.9851852
0.9851852
0.9851852
0.9851852
0.9851852
0.9851852
0.9777778
0.9777778
0.9851852
0.9851852
0.9851852
0.9851852
0.9851852
0.9851852
0.9851852
0.9851852
0.9851852
0.9851852
0.9851852
0.9851852
0.9851852
0.9851852
0.9777778
0.9851852
0.9851852
0.9851852
0.9851852
0.9777778
0.9851852
0.9851852
0.9851852
0.9851852
0.9851852
0.9851852
0.9851852
0.9851852
0.9851852
0.9851852
0.9851852
0.9851852
0.9777778
0.9851852
0.9851852
0.9851852
0.9851852
0.9851852
0.9851852
0.9851852
0.9851852
0.9851852
0.9851852
0.9851852
0.9851852
0.9851852
0.9851852
0.9851852
0.9851852
0.9851852
0.9851852
0.9777778
0.9777778
0.9851852
0.9851852
0.9851852
0.9851852
0.9851852
0.9851852
0.9777778
0.9851852
0.9851852
0.9851852
0.9851852
0.9851852
0.9851852
0.9851852
0.9851852
0.9851852
0.9777778
0.9851852
0.9851852
0.9851852
0.9777778
0.9777778
0.9851852
0.9851852
0.9851852
0.9851852
0.9851852
0.9851852
0.9851852
0.9851852
0.9851852
0.9851852
0.9851852
0.9851852
0.9851852
0.9851852
0.9777778
0.9851852
0.9851852
0.9851852
0.9851852
0.9851852
0.9851852
0.9851852
0.9851852
0.9851852
0.9851852
0.9851852
0.9851852
0.9851852
0.9851852
0.9777778
0.9777778
0.9777778
0.9851852
0.9851852
0.9777778
0.9851852
0.9851852
0.9851852
0.9851852
0.9851852
0.9851852
0.9851852
0.9851852
0.9851852
0.9851852
0.9851852
0.9851852
0.9777778
0.9851852
0.9777778
0.9851852
0.9851852
0.9851852
0.9777778
0.9851852
0.9851852
0.9851852
0.9777778
0.9851852
0.9851852
0.9777778
0.9851852
0.9851852
0.9777778
0.9851852
0.9851852
0.9851852
0.9851852
0.9851852
0.9851852
0.9851852
0.9851852
0.9851852
0.9777778
0.9851852
0.9851852
0.9851852
0.9851852
0.9851852
0.9851852
0.9851852
0.9851852
0.9851852
0.9851852
0.9851852
0.9777778
0.9777778
0.9851852
0.9851852
0.9851852
0.9851852
0.9777778
0.9851852
0.9851852
0.9851852
0.9851852
0.9851852
0.9851852
0.9851852
0.9851852
0.9777778
0.9851852
0.9777778
0.9777778
0.9851852
0.9777778
0.9777778
0.9851852
0.9851852
0.9851852
0.9777778
0.9851852
0.9777778
0.9851852
0.9851852
0.9777778
0.9851852
0.9851852
0.9851852
0.9851852
0.9777778
0.9851852
0.9851852
0.9851852
0.9851852
0.9851852
0.9851852
0.9851852
0.9777778
0.9777778
0.9777778
0.9851852
0.9777778
0.9777778
0.9851852
0.9851852
0.9851852
0.9851852
0.9851852
0.9777778
0.9777778
0.9851852
0.9851852
0.9851852
0.9777778
0.9777778
0.9851852
0.9851852
0.9777778
0.9851852
0.9851852
0.9777778
0.9777778
0.9851852
0.9777778
0.9777778
0.9851852
0.9851852
0.9777778
0.9851852
0.9851852
0.9851852
0.9777778
0.9851852
0.9851852
0.9777778
0.9851852
0.9851852
0.9851852
0.9851852
0.9851852
0.9851852
0.9851852
0.9851852
0.9851852
0.9777778
0.9851852
0.9851852
0.9851852
0.9851852
0.9851852
0.9851852
0.9851852
0.9777778
0.9851852
0.9851852
0.9851852
0.9851852
0.9851852
0.9851852
0.9777778
0.9851852
0.9851852
0.9851852
0.9851852
0.9851852
0.9777778
0.9851852
0.9851852
0.9851852
0.9777778
0.9851852
0.9851852
0.9851852
0.9777778
0.9777778
0.9777778
0.9777778
0.9777778
0.9851852
0.9777778
0.9851852
0.9777778
0.9851852
0.9851852
0.9851852
0.9851852
0.9777778
0.9851852
0.9851852
0.9777778
0.9851852
0.9851852
0.9777778
0.9851852
0.9851852
0.9851852
0.9851852
0.9851852
0.9851852
0.9777778
0.9851852
0.9851852
0.9851852
0.9851852
0.9851852
0.9777778
0.9851852
0.9777778
0.9777778
0.9777778
0.9851852
0.9777778
0.9851852
0.9777778
0.9777778
0.9851852
0.9851852
0.9851852
0.9851852
0.9851852
0.9851852
0.9851852
0.9777778
0.9851852
0.9851852
0.9851852
0.9851852
0.9851852
0.9851852
0.9851852
0.9777778
0.9851852
0.9851852
0.9777778
0.9851852
0.9777778
0.9777778
0.9851852
0.9851852
0.9851852
