1.0987965
1.0932562
1.088407
1.0832199
1.0785781
1.07365
1.0682429
1.0630406
1.0582142
1.053093
1.048384
1.0430856
1.0382875
1.032767
1.0274957
1.0219846
1.0161693
1.0102286
1.0041877
0.9978754
0.9912654
0.984369
0.977339
0.9701127
0.96258456
0.9548408
0.9466809
0.93850386
0.93004215
0.92124283
0.91237515
0.90297717
0.89363265
0.884006
0.8742829
0.8641886
0.8542441
0.8440422
0.8337654
0.8232568
0.8127851
0.8022176
0.7915577
0.7811748
0.770456
0.7601452
0.75000423
0.7397619
0.72962517
0.71974236
0.709965
0.70030826
0.69078606
0.68157715
0.6725811
0.66382277
0.6552338
0.6469248
0.63880676
0.63092446
0.6233385
0.615837
0.60868615
0.60170203
0.5949175
0.588293
0.5819618
0.5758309
0.5697187
0.5639585
0.5583327
0.55281925
0.5475449
0.54239917
0.53745973
0.53253806
0.5278282
0.52322996
0.51880676
0.5144468
0.51027435
0.5061212
0.5021445
0.49823457
0.49439353
0.49074018
0.48703173
0.48348746
0.48001295
0.47660846
0.47332245
0.46999127
0.46691224
0.46373975
0.46056542
0.45753327
0.45455366
0.45162132
0.44875884
0.44587955
0.44314727
0.44035447
0.437626
0.43496215
0.4323962
0.42969412
0.42710304
0.42454195
0.42204887
0.4195864
0.41713262
0.41469294
0.4122871
0.40989298
0.40750042
0.40522212
0.4028682
0.4007034
0.39838344
0.39605695
0.39388502
0.3916743
0.38941863
0.38725308
0.38508996
0.38301277
0.3808195
0.37871438
0.37660536
0.37450346
0.37260896
0.37039658
0.36835656
0.36630154
0.36432037
0.3623091
0.36029115
0.35838476
0.35641515
0.35438666
0.35262468
0.35064214
0.34858546
0.34687155
0.3448704
0.34286967
0.34103525
0.33918157
0.33727065
0.3353891
0.33356503
0.33175838
0.3301446
0.32822216
0.3263023
0.32453573
0.32274145
0.3210622
0.3192581
0.3176025
0.31587502
0.3140348
0.31232896
0.31059963
0.30892596
0.30729467
0.3057102
0.30394062
0.30235443
0.30059755
0.2992017
0.29740387
0.29588312
0.29444963
0.29254296
0.29119113
0.2894018
0.28822237
0.28630218
0.285003
0.28323418
0.2818041
0.28027323
0.27869153
0.27722517
0.27572182
0.27435067
0.27291518
0.27151278
0.26994553
0.26852232
0.2671413
0.2657626
0.2643406
0.26299912
0.26154193
0.26069188
0.25883803
0.25749126
0.2563284
0.25485918
0.25404856
0.25224474
0.25121748
0.24966444
0.24839672
0.24719046
0.24617688
0.2447603
0.24340376
0.24222378
0.2411483
0.23972018
0.23877786
0.23738593
0.23636255
0.23504826
0.23398334
0.23272589
0.23169836
0.2304195
0.2292662
0.22826606
0.22761713
0.22599736
0.22500962
0.22411394
0.22295696
0.2217033
0.22065018
0.22037162
0.2187162
0.21754897
0.21718223
0.2157943
0.21454556
0.2135452
0.21257295
0.21171911
0.21065861
0.20967007
0.20876262
0.2078394
0.20691201
0.20593795
0.20522891
0.20428018
0.20320408
0.20234203
0.20146182
0.20115629
0.1997095
0.19892867
0.19798896
0.19721223
0.1962815
0.19557059
0.19462301
0.19387503
0.19305485
0.19228862
0.1914282
0.19063802
0.18982895
0.18933158
0.18827793
0.18751383
0.18678142
0.18600297
0.18535349
0.18475215
0.18400092
0.18305565
0.18250562
0.18167564
0.18102327
0.18035957
0.17957896
0.17884047
0.1784291
0.17768183
0.17696966
0.17612925
0.17554696
0.1749182
0.17436676
0.17361656
0.17286761
0.1725408
0.1716449
0.17097743
0.17045113
0.17050545
0.16926064
0.16981338
0.1680899
0.16788192
0.16732731
0.16670366
0.16564249
0.16504954
0.1648328
0.1639493
0.16405435
0.16282263
0.16242915
0.16170953
0.16120738
0.16064416
0.16010077
0.15956804
0.15902406
0.15887234
0.15824583
0.1574863
0.15698235
0.15710333
0.15615666
0.15567313
0.15507194
0.15466163
0.15409864
0.153576
0.15312418
0.15258965
0.15214796
0.15164363
0.15139833
0.15072028
0.15060484
0.1498879
0.14937839
0.14908049
0.14860801
0.14830817
0.14767724
0.14718245
0.14687689
0.14642371
0.1460186
0.14591867
0.14512481
0.14464632
0.14425597
0.14422047
0.14378276
0.14307867
0.14273284
0.142278
0.14186116
0.14258283
0.1411179
0.14069974
0.14035696
0.13994499
0.13978264
0.13936438
0.13886784
0.1385541
0.13851817
0.13787328
0.13762243
0.13743775
0.13685194
0.13646771
0.13598135
0.13569836
0.13536657
0.13513649
0.13464472
0.13433807
0.1339526
0.13377903
0.13331784
0.13307305
0.13274844
0.13231987
0.13200082
0.13224716
0.13174918
0.13105899
0.13123712
0.13220084
0.13013329
0.12984076
0.12951887
0.12928969
0.12900448
0.12882966
0.1284117
0.12804855
0.12776507
0.12829223
0.1271896
0.12703933
0.1269931
0.12636775
0.12607387
0.12618463
0.12554981
0.12524398
0.12502131
0.12470225
0.124965556
0.12493737
0.1242096
0.12363497
0.12337778
0.12320443
0.12286282
0.12278578
0.1223587
0.1221308
0.12205371
0.12167319
0.121452175
0.12110491
0.12099739
0.121008374
0.12066088
0.12020269
0.11993865
0.119664654
0.120485164
0.11997268
0.120345026
0.11893176
0.11860877
0.118528664
0.11872389
0.11780871
0.11762683
0.11740235
0.117146425
0.117029354
0.11676097
0.11672964
0.11631195
0.11607546
0.11590549
0.11568918
0.115813345
0.11525795
0.1150641
0.115040466
0.114636764
0.11450684
0.11495343
0.11410369
0.11390823
0.11386395
0.11346407
0.113264486
0.11302327
0.112798125
0.1129406
0.112467565
0.11226181
0.11281556
0.111891456
0.11169441
0.11152362
0.11127981
0.11113185
0.111218
0.11078961
0.11058785
0.11052008
0.11018487
0.11017183
0.10985976
0.10988307
0.10947691
0.10957485
0.10917054
0.10896748
0.10932668
0.10921947
0.10842622
0.10833123
0.108177245
0.10911231
0.107952744
0.107597716
0.107545905
0.1073545
0.10710391
0.107163385
0.10679046
0.10696013
0.10663308
0.106349416
0.10619523
0.1059996
0.10593035
0.106052965
0.10567005
0.1062319
0.10545278
0.10628196
0.1049301
0.10477277
0.1046559
0.104863495
0.10435365
0.104830675
0.10437784
0.10405436
0.10393586
0.10359449
0.1040735
0.10405072
0.103261754
0.10321827
0.10293552
0.10280415
0.10306009
0.10245799
0.102707595
0.10227138
0.10208076
0.10199506
0.10177165
0.10164643
0.10154653
0.10142314
0.10134305
0.10110772
0.10121577
0.101240695
0.10120508
0.1007848
0.10075358
0.1006753
0.100668125
0.1003298
0.10050098
0.09992602
0.09973018
0.09994338
0.100165956
0.09933229
0.09944383
0.09909168
0.099062085
0.09885338
0.09915207
0.0992044
0.098614454
0.09893949
0.09871563
0.09812265
0.09816109
0.09892488
0.09851452
0.09792001
0.09772369
0.09742559
0.09756675
0.09720033
0.0971648
0.09697686
0.09707757
0.09681055
0.096793
0.09661247
0.09673743
0.09640732
0.09624714
0.09662058
0.09687241
0.095990226
0.09580358
0.09587738
0.09653584
0.09569205
0.09556792
0.095306434
0.09514277
0.09502655
0.09501416
0.094813764
0.09494587
0.09521682
0.09492687
0.09444312
0.09452788
0.09446618
0.09413514
0.09400989
0.09399113
0.09428932
0.093897216
0.09362287
0.09368667
0.09349594
0.093538746
0.093234226
0.0936264
0.09317144
0.093020804
0.09291095
0.09282917
0.0926679
0.09261211
0.09248717
0.09334069
0.09241067
0.09282415
0.09223392
0.09201837
0.09220912
0.09198578
0.091746844
0.09226304
0.09158778
0.092109196
0.09148632
0.091521665
0.09174134
0.09168229
0.091047704
0.09170777
0.09086316
0.091143936
0.0907296
0.090798326
0.090578966
0.09054977
0.09041153
0.09028493
0.09023548
0.09011119
0.09026289
0.089979745
0.09047584
0.09018081
0.08992405
0.090168506
0.08957001
0.08944288
0.08954445
0.0893132
0.08940328
0.089149244
0.08920436
0.08905626
0.0891148
0.08959571
0.08888476
0.08890391
0.08875084
0.08970279
0.08959093
0.08839957
0.088271044
0.08847122
0.088381164
0.088382475
0.08822818
0.08837229
0.08834734
0.08775347
0.08770435
0.0878918
0.08776228
0.087531894
0.087387
0.08770459
0.087314345
0.08727292
0.08709979
0.08743923
0.088238075
0.086876765
0.086842194
0.08678129
0.08689141
0.086744435
0.08687651
0.086474694
0.08649274
0.086471006
0.08624942
0.086341925
0.0861114
0.08635495
0.08599278
0.08590834
0.08583923
0.08601349
0.085743725
0.08570497
0.08559385
0.085625835
0.086130455
0.085795335
0.0853695
0.08556322
0.08518121
0.0851765
0.085514374
0.085277624
0.08498724
0.08514913
0.08508356
0.08542405
0.08466576
0.08460127
0.084552936
0.08449102
0.08451688
0.0846644
0.08497112
0.084300116
0.08416902
0.08447504
0.08416427
0.0840332
0.08392864
0.083867595
0.08380432
0.08396426
0.08436205
0.08376715
0.0836348
0.08363291
0.08453336
0.08388561
0.083382286
0.083338
0.0833579
0.08321682
0.08317632
0.08303415
0.08298295
0.08291535
0.082913555
0.082808144
0.08274744
0.08274907
0.082748614
0.08283446
0.08285289
0.08268076
0.08273491
0.08259855
0.08244388
0.08225122
0.08219328
0.08220793
0.08214769
0.08208525
0.08201795
0.08203781
0.082526885
0.0825293
0.08175479
0.08225896
0.08181525
0.08180401
0.08162369
0.08154151
0.08184338
0.08147648
0.08133168
0.081487335
0.08129732
0.081325494
0.08121646
0.081070825
0.08104618
0.08096914
0.08125847
0.08086996
0.08091198
0.08162928
0.08072604
0.08173546
0.08071082
0.08056372
0.08053098
0.0808435
0.080413416
0.08037009
0.080376804
0.08070449
0.08021746
0.08031311
0.08111399
0.08028379
0.08002166
0.080066144
0.08012468
0.07997035
0.07999532
0.07978357
0.07977359
0.079700336
0.0796558
0.07968601
0.079745315
0.08061667
0.079702824
0.07945807
0.080054134
0.07986086
0.0792833
0.0793728
0.07922472
0.07913886
0.07915713
0.079179734
0.07899745
0.07930172
0.079013154
0.07886575
0.0788138
0.07886711
0.078725375
0.07874692
0.07882795
0.07859708
0.07864766
0.07914877
0.07898669
0.07841627
0.07852628
0.07866886
0.078542486
0.078252666
0.078292355
0.0791939
0.07821703
0.078117184
0.07886865
0.078079775
0.07822573
0.07789815
0.07793597
0.078356035
0.07800255
0.07772823
0.07778687
0.077711135
0.07821253
0.07783296
0.07784352
0.077824816
0.078150384
0.0780461
0.07761165
0.07773735
0.07779047
0.077828296
0.077359445
0.077362195
0.07715182
0.07715208
0.07809068
0.07723321
0.07700479
0.076945886
0.07711066
0.0771488
0.07708967
0.07711097
0.077230126
0.0767337
0.0767198
0.07704246
0.076795384
0.07652331
0.07654695
0.07786968
0.076549575
0.07649263
0.07640609
0.07630566
0.07626085
0.07628756
0.076349184
0.076242596
0.07625783
0.0763014
0.076191396
0.07607779
0.076034576
0.076190494
0.076150954
0.07601222
0.07591971
0.07617365
0.07573592
0.07571291
0.075697236
0.07564258
0.07596845
0.076088466
0.07595442
0.07562871
0.07555514
0.07555947
0.07538318
0.07642031
0.07556633
0.0752846
0.07523908
0.07555886
0.075314514
0.07513209
0.07515641
0.0751355
0.07507464
0.07532189
0.07502627
0.07550658
0.07510796
0.07485781
0.074864775
0.0750536
0.07488413
0.07495676
0.07526872
0.07486159
0.074622706
0.07475615
0.07510028
0.074759394
0.07524133
0.07512648
0.07494375
0.07474962
0.07530323
0.074351065
0.07438666
0.07435749
0.07519775
0.074403934
0.07418598
0.07422025
0.07415797
0.07427517
0.074195914
0.07425805
0.073977046
0.07394079
0.073940374
0.07407982
0.07387155
0.07388273
0.07440399
0.073821925
0.0737042
0.07395098
0.07376059
0.0736707
0.07405824
0.07364981
0.073549554
0.073717475
0.07377809
0.0734999
0.07376689
0.07367707
0.074117385
0.07361843
0.07338381
0.073236585
0.07321528
0.07330846
0.07314408
0.07352601
0.073083766
0.073054194
0.07325109
0.07324324
0.07297636
0.072988175
0.07292956
0.07300557
0.07286971
0.0735409
0.07329054
0.07301584
0.07277035
0.07298144
0.07288031
0.07265637
0.07265849
0.07258481
0.072697625
0.07288438
0.072497815
0.072981715
0.07244055
0.07313815
0.07240055
0.07245529
0.07257599
