0.32592592
0.34074074
0.34074074
0.32592592
0.32592592
0.34074074
0.34074074
0.32592592
0.32592592
0.33333334
0.33333334
0.33333334
0.34074074
0.34074074
0.32592592
0.32592592
0.33333334
0.34074074
0.33333334
0.32592592
0.32592592
0.32592592
0.32592592
0.32592592
0.34074074
0.32592592
0.33333334
0.32592592
0.32592592
0.36296296
0.32592592
0.34074074
0.32592592
0.33333334
0.32592592
0.33333334
0.32592592
0.34074074
0.32592592
0.34074074
0.33333334
0.34074074
0.32592592
0.34074074
0.32592592
0.32592592
0.34074074
0.33333334
0.34074074
0.34074074
0.37037036
0.34074074
0.43703705
0.32592592
0.32592592
0.32592592
0.32592592
0.34074074
0.4962963
0.34074074
0.32592592
0.34814814
0.34074074
0.32592592
0.34074074
0.32592592
0.34074074
0.32592592
0.34074074
0.32592592
0.34074074
0.33333334
0.34074074
0.32592592
0.34074074
0.32592592
0.34074074
0.32592592
0.32592592
0.34074074
0.32592592
0.5555556
0.32592592
0.33333334
0.32592592
0.33333334
0.34074074
0.32592592
0.32592592
0.34074074
0.32592592
0.32592592
0.65925926
0.33333334
0.34074074
0.32592592
0.32592592
0.32592592
0.35555556
0.32592592
0.34074074
0.46666667
0.32592592
0.34074074
0.32592592
0.32592592
0.34074074
0.33333334
0.34074074
0.37037036
0.32592592
0.5777778
0.32592592
0.34074074
0.34074074
0.32592592
0.32592592
0.32592592
0.34074074
0.34074074
0.32592592
0.34074074
0.4148148
0.34074074
0.32592592
0.35555556
0.64444447
0.38518518
0.54814816
0.6666667
0.32592592
0.32592592
0.32592592
0.33333334
0.33333334
0.34074074
0.33333334
0.32592592
0.32592592
0.4814815
0.32592592
0.32592592
0.34074074
0.34074074
0.32592592
0.43703705
0.32592592
0.64444447
0.32592592
0.34074074
0.64444447
0.32592592
0.34074074
0.32592592
0.32592592
0.42962962
0.34074074
0.34074074
0.35555556
0.32592592
0.34074074
0.5703704
0.37777779
0.5555556
0.34074074
0.34074074
0.65185183
0.36296296
0.34074074
0.34074074
0.33333334
0.32592592
0.8666667
0.34074074
0.33333334
0.35555556
0.65925926
0.32592592
0.62222224
0.39259258
0.34074074
0.45925927
0.34074074
0.34074074
0.34074074
0.51111114
0.45925927
0.34074074
0.32592592
0.32592592
0.32592592
0.65925926
0.34074074
0.5777778
0.32592592
0.64444447
0.64444447
0.45925927
0.7259259
0.5185185
0.4962963
0.34074074
0.65925926
0.32592592
0.64444447
0.34074074
0.37777779
0.65925926
0.32592592
0.34074074
0.32592592
0.35555556
0.38518518
0.64444447
0.56296295
0.52592593
0.6296296
0.47407407
0.34074074
0.4962963
0.34074074
0.63703704
0.34074074
0.4148148
0.32592592
0.65925926
0.65925926
0.35555556
0.32592592
0.34074074
0.42962962
0.36296296
0.32592592
0.65185183
0.36296296
0.65925926
0.6666667
0.32592592
0.5555556
0.32592592
0.34074074
0.34074074
0.32592592
0.77037036
0.34074074
0.4
0.32592592
0.63703704
0.4148148
0.34814814
0.5555556
0.6074074
0.62222224
0.34074074
0.34074074
0.5777778
0.63703704
0.58518517
0.64444447
0.32592592
0.32592592
0.32592592
0.32592592
0.45185184
0.47407407
0.34074074
0.34074074
0.65185183
0.34074074
0.52592593
0.33333334
0.34074074
0.34074074
0.54814816
0.65925926
0.5555556
0.4074074
0.65925926
0.34074074
0.32592592
0.32592592
0.63703704
0.32592592
0.5925926
0.34074074
0.4148148
0.64444447
0.65185183
0.35555556
0.37777779
0.46666667
0.37777779
0.76296294
0.34074074
0.34074074
0.64444447
0.4962963
0.56296295
0.65185183
0.65185183
0.53333336
0.34074074
0.39259258
0.34074074
0.34074074
0.4888889
0.43703705
0.8740741
0.37037036
0.34074074
0.37037036
0.4888889
0.43703705
0.34074074
0.34074074
0.5407407
0.34074074
0.45185184
0.36296296
0.34074074
0.34074074
0.56296295
0.34074074
0.6888889
0.4962963
0.64444447
0.65925926
0.34074074
0.34074074
0.78518516
0.32592592
0.4888889
0.32592592
0.65925926
0.65185183
0.34074074
0.35555556
0.77037036
0.34074074
0.65925926
0.8296296
0.47407407
0.34074074
0.34074074
0.65185183
0.51111114
0.36296296
0.32592592
0.38518518
0.4148148
0.65925926
0.34814814
0.6296296
0.65925926
0.63703704
0.65925926
0.35555556
0.7037037
0.34074074
0.82222223
0.65185183
0.42222223
0.64444447
0.4148148
0.45185184
0.6962963
0.36296296
0.45185184
0.37777779
0.67407405
0.64444447
0.65925926
0.34074074
0.34074074
0.43703705
0.65185183
0.34074074
0.65925926
0.35555556
0.35555556
0.37037036
0.65925926
0.63703704
0.45185184
0.65925926
0.56296295
0.65925926
0.34074074
0.65185183
0.34074074
0.34074074
0.63703704
0.34074074
0.65185183
0.45185184
0.34074074
0.32592592
0.56296295
0.6962963
0.65185183
0.65925926
0.65185183
0.63703704
0.63703704
0.65925926
0.34074074
0.42222223
0.6888889
0.65925926
0.63703704
0.65925926
0.8074074
0.65925926
0.65925926
0.35555556
0.53333336
0.65925926
0.34074074
0.6
0.56296295
0.65925926
0.64444447
0.64444447
0.43703705
0.6074074
0.6666667
0.52592593
0.37037036
0.64444447
0.65925926
0.52592593
0.74814814
0.65925926
0.6148148
0.34074074
0.8740741
0.63703704
0.47407407
0.65925926
0.64444447
0.4814815
0.56296295
0.34074074
0.36296296
0.65925926
0.4888889
0.35555556
0.84444445
0.7259259
0.7925926
0.64444447
0.65925926
0.4888889
0.64444447
0.58518517
0.65925926
0.56296295
0.64444447
0.7037037
0.34074074
0.65925926
0.65185183
0.6296296
0.65925926
0.7925926
0.4888889
0.4
0.43703705
0.65925926
0.36296296
0.63703704
0.65185183
0.37777779
0.34074074
0.64444447
0.65925926
0.54814816
0.63703704
0.65185183
0.64444447
0.65925926
0.65925926
0.75555557
0.64444447
0.52592593
0.64444447
0.8148148
0.64444447
0.7037037
0.5703704
0.54814816
0.8666667
0.45185184
0.5555556
0.65925926
0.53333336
0.65925926
0.7925926
0.7407407
0.47407407
0.56296295
0.6888889
0.84444445
0.65925926
0.4962963
0.7111111
0.6962963
0.35555556
0.56296295
0.65925926
0.9111111
0.65925926
0.5925926
0.5407407
0.65185183
0.65925926
0.64444447
0.63703704
0.52592593
0.7925926
0.37777779
0.65925926
0.65925926
0.65925926
0.4814815
0.65925926
0.35555556
0.4888889
0.65925926
0.62222224
0.91851854
0.6814815
0.67407405
0.47407407
0.84444445
0.65925926
0.65925926
0.65925926
0.5925926
0.8962963
0.62222224
0.65925926
0.65925926
0.4888889
0.47407407
0.65925926
0.85925925
0.64444447
0.65185183
0.7111111
0.65925926
0.63703704
0.65925926
0.37777779
0.6888889
0.46666667
0.65925926
0.65925926
0.65925926
0.65925926
0.7037037
0.45185184
0.65925926
0.6814815
0.47407407
0.6888889
0.65925926
0.64444447
0.65185183
0.7259259
0.6814815
0.45185184
0.5703704
0.8148148
0.56296295
0.64444447
0.64444447
0.65925926
0.6666667
0.6296296
0.65925926
0.82222223
0.64444447
0.65925926
0.65925926
0.65925926
0.6074074
0.6888889
0.6814815
0.65925926
0.65925926
0.8148148
0.65925926
0.65925926
0.7111111
0.65925926
0.65925926
0.5037037
0.7037037
0.67407405
0.65925926
0.56296295
0.67407405
0.65185183
0.65925926
0.65925926
0.67407405
0.8962963
0.58518517
0.75555557
0.78518516
0.7111111
0.65925926
0.65925926
0.88148147
0.65925926
0.6074074
0.65925926
0.39259258
0.65925926
0.65925926
0.65925926
0.65185183
0.8
0.65925926
0.7259259
0.78518516
0.65925926
0.64444447
0.5703704
0.6814815
0.65925926
0.8888889
0.6888889
0.65925926
0.7407407
0.65925926
0.78518516
0.65925926
0.65925926
0.7037037
0.65925926
0.64444447
0.65925926
0.6814815
0.65925926
0.65925926
0.65925926
0.65925926
0.63703704
0.64444447
0.65925926
0.67407405
0.47407407
0.65185183
0.8518519
0.7777778
0.65925926
0.8666667
0.37037036
0.65925926
0.62222224
0.65925926
0.76296294
0.91851854
0.6814815
0.65925926
0.6814815
0.65925926
0.77037036
0.65925926
0.65925926
0.8074074
0.6962963
0.65925926
0.65925926
0.65925926
0.65925926
0.8
0.73333335
0.4
0.45185184
0.6888889
0.65925926
0.7925926
0.6888889
0.65925926
0.7037037
0.65925926
0.8296296
0.8148148
0.65925926
0.65925926
0.65925926
0.65925926
0.88148147
0.65925926
0.7111111
0.65925926
0.65925926
0.9037037
0.67407405
0.7111111
0.65925926
0.65925926
0.65925926
0.65925926
0.6666667
0.65925926
0.75555557
0.65925926
0.6814815
0.65925926
0.6814815
0.6962963
0.7185185
0.65925926
0.65925926
0.8518519
0.65925926
0.65925926
0.6888889
0.6962963
0.65925926
0.7925926
0.82222223
0.7037037
0.9037037
0.65925926
0.7259259
0.67407405
0.67407405
0.8
0.65925926
0.65925926
0.78518516
0.8148148
0.837037
0.6888889
0.63703704
0.9037037
0.65925926
0.65925926
0.8962963
0.67407405
0.65925926
0.65925926
0.94814813
0.84444445
0.6888889
0.7925926
0.65925926
0.91851854
0.8666667
0.65925926
0.8962963
0.8666667
0.75555557
0.6814815
0.45185184
0.8296296
0.6888889
0.77037036
0.8888889
0.75555557
0.65925926
0.67407405
0.64444447
0.78518516
0.8518519
0.67407405
0.67407405
0.65925926
0.65925926
0.65925926
0.5407407
0.6814815
0.65925926
0.85925925
0.65925926
0.82222223
0.65925926
0.9111111
0.65925926
0.6814815
0.8
0.65925926
0.7777778
0.65925926
0.65925926
0.7777778
0.7037037
0.65925926
0.8740741
0.65925926
0.64444447
0.8666667
0.6962963
0.62222224
0.7037037
0.8962963
0.65925926
0.8962963
0.65925926
0.7259259
0.65925926
0.82222223
0.65925926
0.77037036
0.6296296
0.9111111
0.5407407
0.8740741
0.9259259
0.82222223
0.8148148
0.7407407
0.7037037
0.8148148
0.7777778
0.91851854
0.6666667
0.82222223
0.8962963
0.91851854
0.65925926
0.7111111
0.9111111
0.6888889
0.7925926
0.7111111
0.65925926
0.65925926
0.65925926
0.9037037
0.8
0.65925926
0.6962963
0.6814815
0.65925926
0.6814815
0.65925926
0.91851854
0.9111111
0.8740741
0.65925926
0.84444445
0.6962963
0.65925926
0.67407405
0.75555557
0.67407405
0.6814815
0.65925926
0.8666667
0.84444445
0.67407405
0.67407405
0.67407405
0.8148148
0.65925926
0.65925926
0.65925926
0.7111111
0.8296296
0.65925926
0.67407405
0.9111111
0.7037037
0.94074076
0.65925926
0.6888889
0.95555556
0.65925926
0.65925926
0.65925926
0.65925926
0.8518519
0.65925926
0.93333334
0.8666667
0.65925926
0.67407405
0.8296296
0.7407407
0.7037037
0.65925926
0.65925926
0.7777778
0.7925926
0.6814815
0.74814814
0.6962963
0.65925926
0.65925926
0.74814814
0.7777778
0.63703704
0.65925926
0.6814815
0.8296296
0.7111111
0.8
0.7777778
0.7037037
0.8518519
0.8666667
0.94074076
0.65925926
0.6666667
0.65925926
0.7777778
0.8740741
0.8666667
0.9111111
0.67407405
0.77037036
0.8518519
0.6814815
0.9111111
0.9111111
0.6888889
0.94074076
0.94814813
0.8148148
0.9111111
0.9037037
0.91851854
0.95555556
0.6888889
0.77037036
0.8518519
0.67407405
0.65925926
0.7037037
0.7777778
0.6888889
0.94074076
0.8740741
0.65925926
0.67407405
0.7777778
0.8148148
0.65925926
0.8148148
0.6888889
0.6962963
0.85925925
0.94074076
0.77037036
0.9111111
0.65925926
0.73333335
0.65925926
0.94814813
0.6814815
0.74814814
0.93333334
0.8740741
0.93333334
0.93333334
0.8962963
0.7185185
0.88148147
0.65925926
0.7407407
0.65925926
0.962963
0.7777778
0.7407407
0.91851854
0.8518519
0.6888889
0.65925926
0.6888889
0.7777778
0.65925926
0.84444445
0.6888889
0.8666667
0.7037037
0.77037036
0.74814814
0.9111111
0.6888889
0.7925926
0.837037
0.82222223
0.7777778
0.7259259
0.94074076
0.85925925
0.85925925
0.9111111
0.67407405
0.65925926
0.9111111
0.93333334
0.91851854
0.7259259
