1.0652816
1.0590212
1.0539911
1.0487552
1.0437496
1.038825
1.0336632
1.0285918
1.0232775
1.017976
1.0125867
1.0070312
1.0012821
0.99523497
0.98914826
0.982735
0.9762296
0.96923625
0.9621832
0.95477486
0.94731027
0.93946004
0.9312752
0.9230089
0.91450936
0.9055365
0.89631426
0.88720316
0.87748444
0.86768705
0.8577772
0.8476929
0.83735174
0.8271174
0.816607
0.80580634
0.79531443
0.7847665
0.774002
0.7634658
0.7530069
0.74281824
0.73255634
0.7224838
0.7125972
0.7031266
0.69361484
0.6845418
0.6756946
0.6667157
0.65805656
0.64970696
0.641653
0.63356036
0.6258975
0.61837924
0.611022
0.6039464
0.59711677
0.59048265
0.58404964
0.57772285
0.5716465
0.565647
0.5599622
0.5543961
0.54898703
0.5436988
0.5386318
0.5337461
0.5289502
0.5243254
0.51971716
0.51544905
0.5110139
0.5068528
0.5027847
0.49881113
0.49494985
0.49119928
0.48749462
0.48387998
0.48037195
0.47693425
0.47357994
0.47026986
0.4670699
0.46394968
0.4608376
0.4577988
0.4547942
0.45196283
0.44901383
0.4461567
0.4433738
0.4406867
0.43800616
0.43533552
0.4326707
0.43026865
0.42771372
0.42501944
0.42259166
0.42011955
0.41769975
0.41538307
0.4129909
0.41073576
0.4082993
0.40602863
0.4037039
0.40147722
0.3992682
0.3970615
0.3949713
0.39272267
0.39081517
0.38850036
0.38635308
0.38423768
0.3821664
0.38009647
0.37815917
0.37611875
0.37403676
0.37205005
0.370039
0.36811405
0.36614108
0.36424613
0.3622303
0.36032334
0.35841778
0.35649082
0.3546865
0.3528175
0.35086483
0.3490314
0.3471648
0.3454102
0.34362423
0.34177536
0.33992022
0.33812726
0.33642316
0.33461365
0.33307642
0.3310713
0.32935172
0.32758838
0.32610098
0.32422695
0.3225307
0.3208616
0.3191743
0.31754893
0.31613088
0.31418717
0.31246653
0.31082317
0.30939677
0.30766413
0.30603066
0.3044104
0.3028894
0.30144802
0.29977027
0.2980949
0.2965616
0.29500622
0.29356757
0.29195738
0.29045272
0.28922236
0.28749081
0.28611448
0.28453532
0.28303823
0.28166813
0.28013638
0.27871585
0.27731568
0.27587062
0.27443114
0.2731801
0.27178016
0.27042526
0.26900953
0.26763573
0.26655322
0.2651512
0.26353264
0.26278087
0.26090217
0.25986192
0.25835335
0.2571113
0.2558564
0.25447935
0.25323397
0.2519746
0.25096384
0.24952509
0.24837232
0.24714231
0.2459778
0.24527258
0.24348223
0.24251387
0.24162388
0.24009778
0.23886143
0.23785214
0.2366057
0.23605779
0.23440774
0.23321588
0.23215465
0.2310899
0.22995117
0.22894914
0.22812577
0.22684893
0.22609589
0.22468224
0.22365612
0.22263362
0.22166175
0.22074503
0.21994963
0.21885522
0.21766044
0.21697314
0.21609451
0.21495233
0.21394593
0.21286198
0.21255256
0.21102041
0.21070483
0.20919725
0.2082791
0.20776817
0.20648171
0.20603572
0.20479243
0.20385352
0.20304881
0.20210448
0.20132503
0.20112629
0.19965781
0.19892041
0.19848599
0.19741262
0.19633989
0.19582011
0.19493037
0.19395271
0.19321455
0.19235058
0.1926354
0.19083846
0.19032115
0.1893181
0.18898965
0.1879257
0.18823692
0.18703772
0.1858646
0.18493587
0.18428004
0.18399252
0.18323818
0.18218844
0.18150797
0.18118872
0.1809996
0.17969029
0.17893901
0.1781284
0.17748432
0.1770492
0.17647278
0.17558748
0.17491812
0.17432284
0.17367564
0.17324713
0.17243475
0.17186238
0.17121977
0.17068285
0.17032157
0.16953312
0.16889985
0.1682665
0.16863461
0.16717876
0.16669092
0.1661915
0.16570541
0.16493443
0.16436765
0.16405477
0.16351423
0.16282094
0.16240579
0.16168383
0.16117464
0.16065022
0.16029468
0.15962642
0.15912627
0.15870196
0.1581693
0.1579337
0.1571276
0.15741044
0.15681407
0.15610915
0.15535039
0.15471901
0.15461063
0.15382889
0.15338416
0.15288723
0.15298885
0.1522198
0.15228143
0.15168655
0.15134908
0.15022837
0.14997374
0.14932191
0.14947402
0.1488278
0.14882125
0.14770341
0.14721376
0.14690971
0.1465526
0.14598447
0.14558227
0.14518516
0.14490703
0.14459097
0.14405988
0.14393744
0.14325872
0.14284638
0.14245956
0.1421149
0.14168796
0.14139815
0.14096476
0.14057645
0.1402873
0.13996537
0.1396896
0.13914537
0.13927421
0.13885292
0.13806847
0.13778621
0.137428
0.13723485
0.13671048
0.13638642
0.13602217
0.13574873
0.13540551
0.13515411
0.13471574
0.13449113
0.13427007
0.13388142
0.13345152
0.13345508
0.1340502
0.13251165
0.1321788
0.1320743
0.13169001
0.13170183
0.13095598
0.13069247
0.13039452
0.13006006
0.12982893
0.13003753
0.1291906
0.12891428
0.12861994
0.12848036
0.12812634
0.12777795
0.1275598
0.12732115
0.12718485
0.12729156
0.1268605
0.12615177
0.1266141
0.12561591
0.1254064
0.12507333
0.12480901
0.12466849
0.12451353
0.124052614
0.12393241
0.123519674
0.12326143
0.123121485
0.12281101
0.12261039
0.12298701
0.12204637
0.12243593
0.12159459
0.121595636
0.12148422
0.12143433
0.12066097
0.120630875
0.12014242
0.12000355
0.11982976
0.12006427
0.1192175
0.11905768
0.11877388
0.118724205
0.11833518
0.118100554
0.11791617
0.11785686
0.11768106
0.11843403
0.11750292
0.11807303
0.11660257
0.11656174
0.11618654
0.11693713
0.11639764
0.11575494
0.115352795
0.11539646
0.1151464
0.1160427
0.11519291
0.11454447
0.11420554
0.11418504
0.114211954
0.1137033
0.11352088
0.113193646
0.113067225
0.113133505
0.11292909
0.11243406
0.11225587
0.112333834
0.11274802
0.11175222
0.1115677
0.11132648
0.11117157
0.1110696
0.11081589
0.110938706
0.11050654
0.11142317
0.11080461
0.10994386
0.10974752
0.10956928
0.1098279
0.10922768
0.109051384
0.10974125
0.108718805
0.1090609
0.10846663
0.10825676
0.1083881
0.10803229
0.10796853
0.10759888
0.10769216
0.1077392
0.10714995
0.106927946
0.10681625
0.10710522
0.10698321
0.10631726
0.10620864
0.10601463
0.105979085
0.1057906
0.106904455
0.106223956
0.105264
0.10664425
0.10496006
0.10503397
0.104680434
0.10452708
0.10506059
0.10423847
0.10426332
0.10394604
0.10382841
0.10389635
0.103602976
0.10339939
0.10324295
0.10388603
0.10301164
0.103086956
0.10303352
0.10257481
0.102575354
0.10231374
0.10238807
0.1020453
0.10196203
0.101762794
0.101719424
0.10150688
0.102167204
0.101551674
0.10113153
0.10099582
0.10097576
0.1007424
0.10131211
0.10050418
0.10051013
0.10024041
0.10026212
0.09996153
0.099859014
0.10006034
0.09975912
0.09975169
0.10084893
0.0993049
0.09920746
0.09940389
0.09909228
0.098940715
0.098636284
0.09861378
0.098453
0.09842221
0.09842735
0.09825358
0.09838456
0.09785698
0.09789655
0.09761174
0.09775229
0.097678415
0.09773803
0.09714662
0.09713066
0.09712365
0.0968159
0.09671382
0.09684288
0.09652183
0.09715304
0.09628676
0.09616927
0.09612768
0.09595463
0.095862724
0.095927596
0.096102774
0.09598853
0.095568314
0.095450066
0.09532377
0.095130004
0.09529505
0.09492059
0.09482641
0.09611401
0.09463001
0.09476201
0.094802216
0.09437199
0.09426526
0.09471149
0.09403531
0.094190486
0.09385982
0.09421252
0.09373549
0.09375297
0.09351623
0.09357253
0.093276024
0.093588844
0.09308745
0.09334741
0.09289678
0.09283491
0.09271337
0.09264711
0.092739284
0.09254672
0.092527375
0.09239458
0.09219908
0.09234896
0.09230616
0.09244275
0.09181316
0.09184782
0.09164733
0.091672175
0.09171526
0.091515325
0.092035934
0.091524154
0.091727056
0.091755874
0.09094531
0.09093813
0.09204338
0.09074758
0.090695016
0.09101827
0.09058872
0.09044572
0.090485394
0.090589635
0.09035718
0.090102054
0.090012126
0.09008449
0.08996323
0.08980396
0.09005285
0.08999995
0.08947539
0.08938925
0.08952667
0.089521326
0.08916255
0.08940034
0.08958978
0.08893816
0.08884073
0.08883834
0.08870229
0.08881871
0.08869464
0.08847309
0.088425174
0.088612214
0.08825497
0.088178314
0.08821989
0.08816983
0.08834599
0.088272706
0.08849715
0.08773277
0.08767741
0.08814507
0.08810087
0.0874766
0.08755889
0.087305285
0.08745576
0.087287456
0.08739672
0.0881013
0.08734539
0.08687893
0.086792424
0.0872187
0.0866537
0.08663676
0.0875637
0.08652796
0.08643141
0.08638879
0.0862882
0.08621223
0.08610773
0.08606065
0.085980795
0.08620909
0.08584527
0.08589522
0.08646807
0.08564489
0.08597568
0.08551278
0.0862362
0.08576544
0.08593741
0.08571721
0.085390605
0.085195154
0.08519356
0.08550813
0.0852496
0.08490343
0.084928855
0.08476405
0.084768794
0.084803306
0.08465552
0.08450897
0.085991114
0.08448241
0.08433217
0.08520946
0.084953524
0.08420235
0.08421797
0.084083125
0.08412937
0.08393912
0.0838425
0.08377602
0.083724566
0.08382544
0.08437429
0.08371254
0.08371112
0.08342107
0.083437905
0.0833056
0.08328914
0.08321854
0.08325484
0.08307618
0.08304991
0.083472535
0.082923576
0.08379339
0.0828076
0.08333599
0.0826843
0.08262483
0.0825817
0.08279724
0.083226934
0.08251797
0.08385454
0.0823161
0.08234618
0.082444526
0.08236609
0.08207862
0.08204076
0.082249194
0.08275624
0.08225243
0.08214473
0.08176994
0.08176998
0.08170448
0.08184449
0.08173177
0.081499904
0.082278244
0.081752904
0.08135122
0.081315644
0.08126098
0.08121147
0.081397094
0.08115379
0.08106566
0.081023715
0.08095833
0.08098882
0.08092422
0.08093479
0.08100328
0.08148229
0.08064941
0.08063841
0.08057827
0.080497496
0.08047557
0.080415145
0.0807598
0.080296166
0.08083105
0.08019796
0.08050939
0.08010992
0.08132479
0.08039402
0.08076692
0.0799113
0.07987758
0.07981075
0.079963826
0.07972153
0.08048587
0.07967611
0.07961647
0.08010559
0.0794963
0.07971082
0.07973686
0.07950204
0.07930054
0.07925708
0.0792164
0.07967589
0.08035647
0.07913175
0.07948378
0.07898506
0.07895897
0.079100795
0.07886097
0.08003575
0.07876388
0.078783445
0.078723945
0.0786406
0.07860352
0.07855302
0.078629136
0.07845877
0.0785415
0.07840357
0.079210766
0.07896123
0.07867533
0.0783764
0.07843915
0.07846399
0.07809711
0.078054406
0.0780986
0.078033365
0.07863644
0.078519925
0.07834643
0.07926294
0.0778387
0.077800654
0.07766235
0.077617414
0.07805481
0.077558495
0.077495985
0.07746125
0.077723846
0.07740816
0.077362165
0.07733979
0.07725741
0.077430606
0.07735679
0.07713528
0.0771192
0.077196635
0.07714452
0.077076666
0.076960415
0.076938696
0.07687502
0.07698767
0.07687542
0.07683214
0.07671082
0.07668609
0.07663945
0.07677977
0.07656591
0.07667668
0.076537825
0.07660244
0.0764894
0.07696746
0.07634485
0.0763071
0.07626734
0.076222464
0.07634646
0.076179855
0.07619398
0.07607605
0.0760418
0.07609925
0.07602148
0.07607969
0.07616262
0.07604966
0.07603776
0.07595443
0.07599721
0.07585807
0.07575613
0.075684205
0.075628266
0.0764482
0.07554946
0.07594713
0.07546169
0.075422846
0.07581017
0.075450905
0.07532024
0.075333156
0.07557677
0.07559793
0.07518887
0.07517736
0.0751291
0.0759674
0.07504254
0.07511954
0.075420745
0.07531214
0.074922636
0.07519382
0.075876825
0.07483147
0.074968636
0.07502933
0.0758095
0.07561285
0.07464519
0.07467429
0.07467573
0.07466147
0.07461604
0.07487661
0.07449759
0.07443096
0.07499556
0.074729145
0.07460812
0.07496672
0.07427556
0.07461706
0.0741843
0.07415696
0.074140884
0.074094415
0.074206874
0.07456331
0.07421491
0.07453638
0.07425089
0.07391905
0.07395892
0.074270435
0.07380649
0.073785655
0.07402422
0.07371772
0.07379551
0.07365369
0.07370022
0.073611915
0.07372778
0.07362936
0.07425744
0.07366746
0.07343614
0.073408544
0.07390037
0.07334666
0.07331637
0.07346999
0.07344982
0.07325152
0.073227495
0.07334945
0.07324146
0.07310821
0.07319491
0.07307943
0.07302066
0.073134154
0.07303689
0.07295853
0.07293765
0.07317842
0.072846524
0.07358712
