0.9727271
0.9546798
0.9395569
0.92481464
0.91107935
0.8969615
0.88328904
0.8693502
0.85546225
0.8417359
0.8276899
0.81412387
0.800289
0.7866866
0.77343476
0.7604681
0.74717706
0.7346545
0.7222251
0.709958
0.6981694
0.68667215
0.6757349
0.66489434
0.65453905
0.6444949
0.6347029
0.6253998
0.61627233
0.6075679
0.59921324
0.5910864
0.58333606
0.575778
0.5685818
0.5615337
0.5547871
0.5484175
0.54223174
0.5361302
0.530306
0.5248866
0.5194758
0.5140627
0.50897235
0.5043068
0.49938807
0.49486682
0.4902702
0.48586997
0.48171964
0.4775615
0.47343436
0.46952784
0.46568364
0.4619869
0.4583987
0.45495945
0.45135587
0.4479482
0.44462958
0.4416147
0.4384886
0.43530586
0.43219677
0.42911395
0.42610952
0.42319173
0.4203355
0.41771093
0.41485587
0.4120846
0.40970048
0.40669632
0.40420312
0.40158787
0.3990879
0.39651486
0.39406717
0.39162043
0.3892503
0.3868587
0.3845125
0.3821659
0.379924
0.377572
0.37535176
0.3731371
0.37130424
0.3687714
0.36655667
0.36462256
0.36235118
0.36019364
0.35811546
0.35607266
0.35393915
0.35196006
0.3499494
0.34796253
0.34618616
0.3441244
0.34204334
0.34008285
0.3381458
0.33645213
0.3345549
0.33255142
0.33062926
0.32883948
0.3268928
0.32511273
0.32330117
0.32141644
0.31957403
0.31781575
0.31612217
0.31436655
0.31255603
0.31082934
0.30926517
0.3074493
0.30567887
0.3040286
0.30290198
0.30106148
0.29901117
0.2973908
0.29574147
0.2940787
0.2924968
0.29190126
0.28935814
0.28785542
0.28636804
0.28487578
0.28305903
0.2815231
0.27997127
0.27847955
0.27702197
0.2754819
0.273988
0.27259868
0.27104333
0.26973727
0.26846328
0.2667419
0.26530752
0.26392958
0.2631503
0.26138344
0.2599818
0.25845987
0.2569938
0.25574523
0.25431684
0.2530018
0.25181463
0.25034428
0.2490871
0.24777351
0.24655703
0.24530679
0.24402523
0.24314593
0.24144861
0.24024273
0.2390027
0.2377785
0.23670408
0.23551416
0.23423792
0.23304434
0.23227279
0.2306888
0.2295627
0.2284972
0.2273144
0.22627851
0.22509949
0.22427936
0.22316393
0.22193968
0.22064042
0.21983406
0.21861948
0.21754241
0.21646827
0.21538003
0.21453646
0.21332963
0.21231018
0.21338257
0.2109982
0.20937242
0.20840241
0.20737779
0.20644385
0.20549534
0.20456195
0.20361334
0.20285451
0.20196128
0.200833
0.19994307
0.19917075
0.19814205
0.19785579
0.19639733
0.1956301
0.19460927
0.19376285
0.19293255
0.1921818
0.19126642
0.1905317
0.18970996
0.18911771
0.1879466
0.18713418
0.18643756
0.18551947
0.1850527
0.18411417
0.18375902
0.18246931
0.1822903
0.18128195
0.1801788
0.17946695
0.17869149
0.17794286
0.1780825
0.17678383
0.17585479
0.17510727
0.17452437
0.17369017
0.17315148
0.17238931
0.17170927
0.17107278
0.1703138
0.16969669
0.16906045
0.1683296
0.16776265
0.16704533
0.16646574
0.16595457
0.16524895
0.16487536
0.16389206
0.16328084
0.16268969
0.1623046
0.16149162
0.16087538
0.16043216
0.16015969
0.15933564
0.1586649
0.1579599
0.15748829
0.1568764
0.15680023
0.15571949
0.15680237
0.1546446
0.1541161
0.15362503
0.15323694
0.15250531
0.15202999
0.15161075
0.15124
0.15040535
0.14993235
0.14940318
0.14924487
0.14853649
0.14802772
0.14744528
0.14694035
0.14658765
0.14601435
0.14557183
0.1452343
0.14535251
0.14411618
0.14360948
0.143681
0.14270629
0.14229706
0.1419524
0.14154428
0.14088885
0.14067863
0.14014725
0.13959976
0.14028849
0.13871765
0.13841207
0.13822287
0.13785826
0.13722926
0.13696769
0.13719167
0.1361001
0.13547243
0.13538606
0.13501064
0.13423626
0.1338296
0.1334615
0.13304661
0.13273868
0.13246058
0.13220192
0.13152082
0.1317904
0.13152958
0.13040638
0.13013428
0.12967491
0.12934265
0.1295317
0.12860492
0.12827319
0.12793465
0.12798525
0.1277549
0.12688154
0.126593
0.12617286
0.12591323
0.1255066
0.12525383
0.12484511
0.12469558
0.12418561
0.123917714
0.12353367
0.12323435
0.122977816
0.122591175
0.12250213
0.12194967
0.12166077
0.1213703
0.121139035
0.1219147
0.12056328
0.120206706
0.120092675
0.119517826
0.11935849
0.11891783
0.11884455
0.11884309
0.11809197
0.11777572
0.11855587
0.117352344
0.117471874
0.11671988
0.11678262
0.1162845
0.1160464
0.11592132
0.11554251
0.11514235
0.114905946
0.1145439
0.1145489
0.11395428
0.11436869
0.11384857
0.11336026
0.11294775
0.11276648
0.11241995
0.112868056
0.1119184
0.1116615
0.11150974
0.1117932
0.11091518
0.11068541
0.110611945
0.11127509
0.11022389
0.109947555
0.10947829
0.10923918
0.10936475
0.109025374
0.108770356
0.10832212
0.10853009
0.10787348
0.108322866
0.10743212
0.107456885
0.10697493
0.10709445
0.106586576
0.10631933
0.10611148
0.10603644
0.1059439
0.105456516
0.10542664
0.10602399
0.10511699
0.1046131
0.10464213
0.10514284
0.10433705
0.10379664
0.103738025
0.10345221
0.10345934
0.10298666
0.102796115
0.10279878
0.10239016
0.102224514
0.10205043
0.10214839
0.10170384
0.10143499
0.10135338
0.10130956
0.10107393
0.100682944
0.100663066
0.1009251
0.10033865
0.099968225
0.09994911
0.09959806
0.09943355
0.09940349
0.09901994
0.09938413
0.09875843
0.09859378
0.098375164
0.09848848
0.09819827
0.097909875
0.09774053
0.09772656
0.09727177
0.09711113
0.097024985
0.09680773
0.09699342
0.09646836
0.096291326
0.096744925
0.09604103
0.0958029
0.09568829
0.09584216
0.096030526
0.09539913
0.09567817
0.0949563
0.095050745
0.09453236
0.09439191
0.09545325
0.09434186
0.09415548
0.094001584
0.09451685
0.09345191
0.093333736
0.093176804
0.0930028
0.093257606
0.09270041
0.092574246
0.09254929
0.09226586
0.09245147
0.09198378
0.091862835
0.091827236
0.09233241
0.09170774
0.091447055
0.09134644
0.09109768
0.0912271
0.09075393
0.090900555
0.090769306
0.090422995
0.09024176
0.090961754
0.08993477
0.08988432
0.08969495
0.08952872
0.08956743
0.08931765
0.08945012
0.08899803
0.08933927
0.088743426
0.08868273
0.089165546
0.08837529
0.0882043
0.08808221
0.08892193
0.08830787
0.0877563
0.08758396
0.08806262
0.08732906
0.08722607
0.08709005
0.087012514
0.086909406
0.08673445
0.086758256
0.08676472
0.08643245
0.08649054
0.08613224
0.08601858
0.086051315
0.08579669
0.08628541
0.08562236
0.08544462
0.08533283
0.08535119
0.085322686
0.08553334
0.085132055
0.084779784
0.084789865
0.08453745
0.08469447
0.08452691
0.084419936
0.08425799
0.08446414
0.08388053
0.08377651
0.0843522
0.08368209
0.0835737
0.08334134
0.08341034
0.08313148
0.08334855
0.08379813
0.082969435
0.08304394
0.08380216
0.08263489
0.08293136
0.08242389
0.08237674
0.08214486
0.08216484
0.082241304
0.08185281
0.08266994
0.08160599
0.08150771
0.081690624
0.081314735
0.08121452
0.08114849
0.08152619
0.08097247
0.08084559
0.08072972
0.080673695
0.08054171
0.080444075
0.080538295
0.0807394
0.08026513
0.08061822
0.08003808
0.08049252
0.079800405
0.08015252
0.08053269
0.07952906
0.07945127
0.079342775
0.07997469
0.079175405
0.07907762
0.07900668
0.07891996
0.07898627
0.07879739
0.0789311
0.07854693
0.07869097
0.07838816
0.07833301
0.07820693
0.07895759
0.078227066
0.078156024
0.077864245
0.077960305
0.07769885
0.077612296
0.07756819
0.07757406
0.077403195
0.07736759
0.077933066
0.07711843
0.07703956
0.07734242
0.07708705
0.077139646
0.07704391
0.0767943
0.07715519
0.0766184
0.076757826
0.076355845
0.07636513
0.07618896
0.07609421
0.07600024
0.075940855
0.0759796
0.07590058
0.07569067
0.07571007
0.07553764
0.07551254
0.076176815
0.075360596
0.075340144
0.07561026
0.075319
0.075044215
0.074940205
0.07495141
0.074819855
0.07473973
0.07555104
0.074606225
0.07462874
0.07455994
0.07444439
0.07430031
0.07426529
0.07413026
0.07408237
0.074037075
0.07394495
0.07384939
0.07385711
0.07372149
0.073654525
0.074261084
0.07361057
0.07345643
0.07339613
0.0733759
0.073354185
0.07400724
0.07385585
0.07316092
0.07302455
0.07300033
0.07288039
0.072856724
0.07277183
0.07264612
0.07261996
0.07262186
0.0729946
0.07298015
0.07278232
0.07236583
0.072202265
0.07234387
0.07247176
0.073085934
0.07220556
0.07182962
0.072743535
0.071990736
0.07165353
0.07167054
0.072252035
0.07144323
0.071447894
0.0726569
0.07160733
0.071369834
0.07149785
0.071068324
0.071008004
0.071653984
0.07191185
0.07091024
0.07111375
0.07177324
0.07071264
0.070640676
0.070649736
0.070473365
0.07039118
0.07033552
0.070370786
0.07036015
0.07059469
0.0706102
0.07006011
0.07007446
0.0699349
0.07043331
0.069813505
0.0698446
0.07004232
0.06979782
0.06956979
0.06950559
0.07021948
0.070313014
0.07091651
0.069358826
0.06923963
0.06917755
0.06926029
0.06911331
0.070148565
0.06899778
0.06888668
0.068849064
0.06894341
0.06872185
0.06928029
0.068674505
0.068570405
0.06864076
0.06853835
0.06839416
0.068784446
0.068347596
0.068428256
0.06833363
0.06819934
0.06808488
0.068053834
0.0683723
0.06803629
0.06798521
0.06812673
0.06783165
0.06769767
0.06767094
0.067959145
0.067565635
0.06748915
0.0681143
0.06744569
0.06748566
0.067597106
0.06732174
0.06721503
0.06790679
0.067225665
0.06776639
0.066974156
0.067118324
0.06718947
0.067006454
0.06698119
0.06679223
0.06671759
0.06668743
0.066593796
0.06656029
0.066717654
0.066504635
0.06666965
0.06633226
0.06653368
0.06661109
0.066264816
0.06641534
0.066219576
0.06605056
0.06600618
0.06636519
0.066897266
0.06607962
0.06613498
0.066218115
0.06579755
0.06589005
0.06569392
0.06603386
0.06557278
0.06644978
0.065430485
0.065395795
0.065372124
0.06529123
0.065368585
0.065212406
0.06516166
0.065198004
0.06658502
0.06590626
0.065244906
0.06530619
0.065171994
0.06486716
0.064877465
0.06474252
0.06518684
0.064746104
0.06467784
0.06672038
0.064527296
0.06449543
0.06446515
0.064459264
0.06494446
0.065048926
0.06425869
0.064898714
0.06419037
0.06412717
0.064165205
0.06443017
0.06529376
0.06398334
0.063944206
0.06393625
0.063843936
0.06382232
0.063751824
0.063763976
0.06378731
0.06361955
0.063811086
0.06415244
0.06374972
0.063448705
0.06346379
0.06343549
0.0635928
0.06328683
0.0632476
0.06489726
0.06345238
0.063117616
0.06307671
0.06316454
0.06301616
0.06317312
0.06291767
0.06290665
0.06372685
0.06441751
0.06306285
0.06418314
0.06267527
0.06275813
0.06260438
0.062776476
0.06273308
0.06251072
0.06308682
0.06272168
0.062451135
0.06234535
0.06232997
0.062240545
0.0622093
0.062212534
0.062124267
0.062235925
0.062092815
0.062014673
0.06197908
0.06193582
0.06192557
0.062037855
0.06185772
0.062045783
0.06179554
0.061734278
0.0618739
0.061799277
0.06179146
0.06163546
0.061731033
0.061653335
0.062435836
0.06140148
0.061985787
0.061516006
0.061321832
0.06125268
0.06122748
0.061246067
0.061164368
0.061107192
0.06121261
0.06106864
0.061469376
0.0611474
0.060949367
0.0609684
0.06087382
0.060969874
0.061257165
0.061021473
0.06113142
0.06113511
0.06077582
0.06062194
0.06122821
0.06186408
0.060722176
0.060537905
0.06047022
0.06039524
0.060798574
0.060379606
0.06038869
0.06040956
0.060251866
0.060708053
0.06015714
0.06011662
0.060086895
0.06053587
0.06001726
0.06001173
0.06008454
0.059949987
0.059890635
0.059886947
0.05997984
0.060054038
0.06057774
0.059741683
0.059690647
0.059775587
0.059612
0.059641805
0.059722193
0.059616167
0.059511185
0.05957062
0.059538197
0.059640165
0.060138334
0.059932385
0.059656657
0.059441652
0.05958941
0.059367977
0.059178863
0.059412453
0.05926018
0.0591183
0.059038386
0.059372988
0.05899059
0.058987033
0.0590471
0.05938363
0.05976845
0.058847107
0.058766466
0.058884017
0.058722265
0.05908893
0.058650102
0.058718838
0.058578774
0.058624554
0.058836367
0.058601514
