1.0385479
1.0188001
1.0074556
0.9954419
0.9865509
0.9762524
0.96636456
0.9564987
0.94655657
0.93649435
0.9262967
0.91564435
0.9047901
0.8939191
0.8829373
0.87172836
0.86084366
0.84908426
0.8376567
0.82597524
0.8148181
0.8030745
0.7915219
0.78017676
0.7688672
0.75767344
0.74606705
0.73518693
0.7242223
0.7136555
0.70318663
0.69275916
0.68282133
0.6729066
0.66341144
0.6541201
0.64508384
0.63649887
0.6280374
0.6196541
0.6116404
0.604115
0.59677255
0.5893265
0.58238274
0.57584983
0.56982464
0.56334263
0.55715126
0.55069906
0.54495305
0.5393707
0.53389066
0.5288513
0.52373964
0.5188227
0.5145602
0.5096179
0.50489616
0.5005967
0.4962319
0.49205005
0.4880101
0.48419327
0.48029175
0.4769018
0.47295555
0.46930918
0.4658062
0.46238306
0.46008456
0.45634007
0.45256227
0.44935974
0.446298
0.4432225
0.44020653
0.43731165
0.4344439
0.43162477
0.4287494
0.4260636
0.42395434
0.4208464
0.41817927
0.41535148
0.41304532
0.4110172
0.4076796
0.40516362
0.4030589
0.40029055
0.3979365
0.3955202
0.39327997
0.3914537
0.38857874
0.3863603
0.38427657
0.38177407
0.379823
0.37727243
0.37579885
0.3729792
0.3709513
0.36865473
0.366902
0.36477765
0.3624256
0.36130986
0.3583522
0.35661054
0.35452548
0.35232627
0.35058862
0.34873632
0.34645882
0.34486347
0.34318474
0.34079972
0.33886588
0.3369459
0.3368034
0.33338308
0.33156726
0.33014816
0.32794675
0.3262245
0.32509822
0.32308716
0.32094887
0.31938466
0.31779987
0.31589735
0.31473294
0.31255448
0.31093353
0.30923864
0.30761278
0.30606237
0.3046432
0.30287358
0.30132803
0.29979852
0.29816592
0.2966262
0.2956316
0.293721
0.2921787
0.29083133
0.28927192
0.28769037
0.28622752
0.28500086
0.28332308
0.2819795
0.28045735
0.27907535
0.27768338
0.27679372
0.27492696
0.27398983
0.27217156
0.27084136
0.27043888
0.26874694
0.26689622
0.26565206
0.2646477
0.2630875
0.262806
0.26041967
0.25938883
0.25801834
0.25677136
0.25555086
0.25493085
0.25323156
0.25259027
0.25076112
0.25007454
0.24858576
0.24731067
0.24595462
0.24505796
0.24368292
0.24285987
0.2414431
0.24035048
0.239233
0.238353
0.23703729
0.23642698
0.2349795
0.23427296
0.23279509
0.23179056
0.23086381
0.2301338
0.23035266
0.22765641
0.22672693
0.2256328
0.22467425
0.22372828
0.22272247
0.2217796
0.22091968
0.22012135
0.21917126
0.2181768
0.21774255
0.21663788
0.21543884
0.21433377
0.21416745
0.21269287
0.21170482
0.21093406
0.21023262
0.20912212
0.20840426
0.20767325
0.20670766
0.20572484
0.20510781
0.20408994
0.20336874
0.20253533
0.20179132
0.20093523
0.20010167
0.19931069
0.19892626
0.19780709
0.19756515
0.19906953
0.19644979
0.1950943
0.19408798
0.19339587
0.19362818
0.19182572
0.19174258
0.19040944
0.19003442
0.18945818
0.18839517
0.18763556
0.18720098
0.18669806
0.18590757
0.18494232
0.18438412
0.18365476
0.18304835
0.18295893
0.18172579
0.18138449
0.18048295
0.1808301
0.17927268
0.17923233
0.17825408
0.17741506
0.18018699
0.17658493
0.17564474
0.17637128
0.17487329
0.17387
0.17341678
0.17277722
0.1727719
0.17206629
0.17128843
0.17125443
0.16997583
0.16942874
0.16916071
0.16886617
0.16785237
0.16738737
0.16737172
0.16635694
0.16576155
0.16524722
0.16505031
0.16424428
0.16476034
0.16326319
0.16280596
0.16465756
0.1621512
0.16137728
0.16095829
0.16038796
0.15993695
0.16099842
0.15911086
0.15855725
0.15813369
0.15801203
0.15725003
0.15675321
0.15644272
0.156209
0.1557817
0.15503357
0.15459974
0.15443096
0.15374963
0.15393971
0.1532777
0.15250048
0.15208824
0.15200505
0.15176968
0.15091707
0.15048717
0.15013616
0.14989243
0.1493219
0.14946407
0.14853568
0.1493579
0.14875613
0.14753078
0.14707913
0.14665051
0.14663532
0.14641923
0.14569235
0.14552389
0.14487396
0.14460984
0.14419736
0.14398144
0.14343278
0.14315405
0.14279309
0.14241594
0.1428145
0.14191449
0.14173822
0.14127493
0.14087595
0.14055654
0.14019445
0.14009194
0.13965444
0.13950607
0.13885123
0.13850088
0.13904935
0.13858946
0.13789955
0.138193
0.13701038
0.13722052
0.1366191
0.13650323
0.13613178
0.1354591
0.13522837
0.13510795
0.13527872
0.13552289
0.13563305
0.13373986
0.13345388
0.13466851
0.13287449
0.13259687
0.13235196
0.13242896
0.13223033
0.13258766
0.1312661
0.13105756
0.13140036
0.13070166
0.13062215
0.1308715
0.13126644
0.12945682
0.12922029
0.12896755
0.12876971
0.12856302
0.12867372
0.12794223
0.12777402
0.12746255
0.12731877
0.12714238
0.12697892
0.12681256
0.12663493
0.12662022
0.1259538
0.12556326
0.12558481
0.12530123
0.1249769
0.124634214
0.124641165
0.1257688
0.12396097
0.123761214
0.12413562
0.12519994
0.12309651
0.12323734
0.122779705
0.122463904
0.12234202
0.12211349
0.12303658
0.12164822
0.12145486
0.121370785
0.12224087
0.12086304
0.12075096
0.12065462
0.120241106
0.12003172
0.1197782
0.11980192
0.11947071
0.1191878
0.11904267
0.118959114
0.11894551
0.11840901
0.11821717
0.11812542
0.11834617
0.11910228
0.117721476
0.11742506
0.11714925
0.1169276
0.11693401
0.11659193
0.116386645
0.11638956
0.11620031
0.11640337
0.115718886
0.11575011
0.11550279
0.115148574
0.11574872
0.115263626
0.116034985
0.11532281
0.11429065
0.11411714
0.11397614
0.11379972
0.11412725
0.11371819
0.11329862
0.113283165
0.11297196
0.11281623
0.11291863
0.11260575
0.11233471
0.11247928
0.112978645
0.11191758
0.112452164
0.11195321
0.11178788
0.11128955
0.111215755
0.110927604
0.11109751
0.11071401
0.11047854
0.110727586
0.11034258
0.11009046
0.10989163
0.1099042
0.109724864
0.11084278
0.10931251
0.10937972
0.109514885
0.108913556
0.1088855
0.10867726
0.10855178
0.10841502
0.10820083
0.108138084
0.1081244
0.10778293
0.10766023
0.10752575
0.10799694
0.10742319
0.10712078
0.10898014
0.107259914
0.106732324
0.10659116
0.10654943
0.106599614
0.107075244
0.106069386
0.10604607
0.105811894
0.10582341
0.10570535
0.10567982
0.105389334
0.10542618
0.10505941
0.1049597
0.10520729
0.10470512
0.10508116
0.104744114
0.104410514
0.10430923
0.1040918
0.10398622
0.103850864
0.10390756
0.104153864
0.10350415
0.103639334
0.103532225
0.103520654
0.103279315
0.10311852
0.10281227
0.10272303
0.10270771
0.10283503
0.10239073
0.102449305
0.10292284
0.1021507
0.10197631
0.10182914
0.101740345
0.10209774
0.10148487
0.10278202
0.1013018
0.10179014
0.10119227
0.10113506
0.100846976
0.10169918
0.100692675
0.10053359
0.100463666
0.10091913
0.10021823
0.100510895
0.10032414
0.10006281
0.10047121
0.100289926
0.09964345
0.09960604
0.09970408
0.09932901
0.099511474
0.09915526
0.099095605
0.098947205
0.09884361
0.09878608
0.09937517
0.09859646
0.09844505
0.09876037
0.09872977
0.09844964
0.09827481
0.09798867
0.09800268
0.09787227
0.09850114
0.09782715
0.09857304
0.09839769
0.09755461
0.09786242
0.0971716
0.09707273
0.0970955
0.09705365
0.096958086
0.09671625
0.097445264
0.0969162
0.096448265
0.09637962
0.096528865
0.096423425
0.09661338
0.096965134
0.09591604
0.09649969
0.09574647
0.09572649
0.09576989
0.09604706
0.09541141
0.09544725
0.09531902
0.09525757
0.09507838
0.09501637
0.09491747
0.09527403
0.095110595
0.094819464
0.09459673
0.09451041
0.09443413
0.09505187
0.09429271
0.09434169
0.094297856
0.09402811
0.09459156
0.09391205
0.09395065
0.094271384
0.09363978
0.09383801
0.09357969
0.093472004
0.09338577
0.09349385
0.09335225
0.09320961
0.09317008
0.09324951
0.09290562
0.09407581
0.092756376
0.09275252
0.09302429
0.092508525
0.09281497
0.09358848
0.092290565
0.092763074
0.09216696
0.09210987
0.09280278
0.09215116
0.093223825
0.09184763
0.091878764
0.09245861
0.09230342
0.09153751
0.092382826
0.09160818
0.091511704
0.091375716
0.09130536
0.09120958
0.091022395
0.09167246
0.09098457
0.09151187
0.0919663
0.09086916
0.090640835
0.09097299
0.090888955
0.09062388
0.090369105
0.09031929
0.090320125
0.09023992
0.090192735
0.09016023
0.09042539
0.08992702
0.08982953
0.089772046
0.0899461
0.09001941
0.08963238
0.089591734
0.089631096
0.0899508
0.08933306
0.090355374
0.08920428
0.089350075
0.08918318
0.08902264
0.088949226
0.08891118
0.08884185
0.08890188
0.08911776
0.08896422
0.08862525
0.08881354
0.08859411
0.08870649
0.08850717
0.08844342
0.088251844
0.08850658
0.090626016
0.089194536
0.08819609
0.08832642
0.08794737
0.08787332
0.08777959
0.08769826
0.087649
0.08765237
0.087733425
0.08756115
0.08867085
0.08766957
0.08730548
0.08724346
0.08816079
0.08713845
0.08715968
0.0879529
0.0869743
0.08721302
0.0868756
0.08682864
0.086757734
0.08672108
0.08664483
0.08730547
0.08661455
0.086681575
0.08651246
0.08667213
0.086850174
0.08626345
0.08621802
0.0863161
0.086141385
0.08608198
0.08609922
0.08661661
0.08595378
0.08586916
0.08685854
0.085810564
0.0856892
0.08588215
0.0856631
0.08614861
0.08548892
0.08543064
0.08548317
0.085793205
0.085471064
0.085360885
0.08568678
0.085134685
0.08508099
0.085430056
0.08506422
0.08494291
0.08491111
0.084838815
0.084840946
0.084735416
0.085003674
0.085547805
0.08459088
0.08453994
0.084492095
0.08445661
0.08456695
0.08435999
0.084373206
0.0854752
0.08420742
0.08415761
0.0846388
0.0853407
0.08426547
0.08399912
0.08460228
0.08435064
0.08423784
0.083873905
0.084182344
0.08373249
0.08364253
0.083945505
0.08357098
0.08352327
0.084307574
0.083909124
0.08452465
0.08333571
0.08340272
0.08331077
0.08330371
0.08315034
0.08315298
0.08444005
0.08303934
0.083292745
0.084072314
0.08375317
0.08290597
0.08316281
0.08276007
0.08291687
0.08270072
0.08327759
0.082886204
0.0828385
0.08376107
0.08340132
0.08261423
0.08293158
0.08259046
0.08329738
0.0836106
0.08219839
0.08217879
0.08265933
0.08220142
0.082033515
0.08198919
0.082086034
0.08201362
0.081981674
0.081821226
0.082598254
0.08192982
0.08280653
0.08179153
0.08179994
0.08183679
0.081766196
0.08163158
0.08161391
0.08171999
0.081650786
0.08133173
0.083148904
0.081375666
0.08121065
0.08122846
0.08119409
0.081450135
0.081468865
0.08216486
0.081727736
0.08136729
0.08099951
0.08151114
0.08130009
0.08088149
0.08087063
0.081076354
0.0807754
0.08174671
0.0808313
0.0805832
0.08059022
0.08065376
0.08043846
0.08043464
0.08049907
0.08099585
0.08042713
0.08026478
0.08052719
0.08061529
0.08016308
0.08050015
0.08062382
0.08010534
0.08108737
0.08050613
0.0799606
0.08037132
0.07994991
0.080162175
0.07977564
0.079973556
0.07981185
0.0798767
0.07962646
0.08126841
0.07992285
0.079712346
0.08031416
0.07968487
0.07944611
0.079385936
0.07960537
0.07945605
0.079282835
0.07923731
0.07920009
0.07916487
0.07922223
0.07910156
0.07925798
0.07932737
0.07899568
0.07903925
0.079028524
0.07917014
0.078880906
0.07894171
0.07891775
0.07875307
0.0787456
0.08000602
0.078808434
0.078665935
0.0787294
0.07871294
0.07853287
0.07872277
0.0784545
0.07897693
0.07861626
0.078349054
0.078331806
0.07898139
0.07892229
0.07832386
0.07853288
0.079421505
0.07866934
0.07854314
0.079437725
0.07803836
0.07799269
0.07806406
0.07821771
0.07838938
0.077897094
0.077858746
0.077793606
0.077803336
0.0777472
0.077758
0.077702865
0.07763777
0.078003906
0.077882335
0.07783329
0.077629976
0.07802834
0.07753851
0.07753267
0.07743811
0.07737566
0.0773603
0.07769183
0.07748799
0.07723091
0.07724049
0.07723738
0.07722855
0.07711547
0.07710406
0.07704882
0.077065766
0.07716976
0.07697301
0.07698825
0.07691131
0.076884754
0.076836415
0.07705047
0.076974355
0.0777289
0.076717585
0.07677188
0.07669248
0.07690487
0.07692744
