1.098598
1.098598
1.0985769
1.0985703
1.0985501
1.0985441
1.0985185
1.0985197
1.0984949
1.0984964
1.0984728
1.0984807
1.098458
1.0984421
1.0984324
1.0984229
1.0984198
1.0984162
1.0984076
1.0983988
1.0983801
1.0983777
1.09837
1.0983626
1.0983552
1.098343
1.0983413
1.0983349
1.0983232
1.0983267
1.0983113
1.098306
1.0983092
1.098299
1.0982981
1.0982926
1.0982919
1.0982785
1.0982782
1.0982655
1.0982612
1.0982648
1.0982528
1.0982605
1.0982524
1.0982522
1.0982447
1.0982373
1.0982337
1.0982306
1.0982274
1.098221
1.098228
1.0982181
1.0982152
1.0982125
1.0982096
1.0982071
1.0982043
1.098202
1.0981966
1.0982001
1.098195
1.0981956
1.0981902
1.0981883
1.0981916
1.0981843
1.0981823
1.0981832
1.0981762
1.0981798
1.0981754
1.0981739
1.0981748
1.098171
1.0981717
1.0981659
1.0981666
1.0981652
1.0981638
1.0981649
1.0981592
1.0981601
1.098157
1.0981579
1.0981548
1.0981579
1.0981548
1.0981537
1.0981512
1.0981556
1.0981528
1.0981483
1.0981476
1.0981501
1.0981477
1.0981486
1.0981463
1.098147
1.0981447
1.0981438
1.0981417
1.0981412
1.098142
1.098143
1.0981423
1.0981404
1.0981396
1.0981393
1.09814
1.0981381
1.098139
1.098137
1.0981357
1.0981377
1.0981369
1.0981354
1.0981362
1.0981357
1.0981328
1.0981336
1.0981334
1.098133
1.0981327
1.0981348
1.0981323
1.098131
1.0981325
1.0981311
1.0981308
1.09813
1.0981303
1.0981324
1.0981307
1.0981287
1.0981303
1.0981284
1.098128
1.0981278
1.0981286
1.0981293
1.0981275
1.0981289
1.098128
1.0981293
1.0981283
1.0981281
1.0981263
1.098127
1.0981269
1.098126
1.0981274
1.0981265
1.0981257
1.0981256
1.098126
1.0981265
1.0981264
1.0981264
1.0981251
1.0981255
1.0981255
1.0981247
1.0981251
1.0981251
1.0981251
1.0981244
1.0981243
1.0981243
1.0981246
1.0981245
1.0981245
1.0981249
1.0981251
1.0981239
1.0981244
1.098124
1.0981236
1.0981237
1.0981245
1.0981244
1.0981234
1.0981238
1.098124
1.0981245
1.0981237
1.0981238
1.0981238
1.0981236
1.0981236
1.0981233
1.0981233
1.0981228
1.0981233
1.098123
1.0981228
1.098123
1.098123
1.0981234
1.0981232
1.0981226
1.0981226
1.0981234
1.0981233
1.098123
1.0981233
1.0981227
1.098123
1.0981233
1.0981237
1.0981232
1.0981227
1.0981228
1.0981224
1.098123
1.0981224
1.0981233
1.0981226
1.0981233
1.0981227
1.0981224
1.0981225
1.0981222
1.0981224
1.0981226
1.0981228
1.0981228
1.0981226
1.0981224
1.0981222
1.0981225
1.0981227
1.0981227
1.0981221
1.0981222
1.0981221
1.0981225
1.0981228
1.0981221
1.0981224
1.0981221
1.0981221
1.0981225
1.0981221
1.0981221
1.0981222
1.0981222
1.0981224
1.098122
1.0981225
1.0981222
1.0981221
1.0981224
1.0981222
1.0981224
1.0981221
1.0981222
1.0981222
1.0981224
1.0981222
1.0981221
1.0981224
1.0981222
1.0981224
1.0981222
1.0981221
1.0981222
1.0981221
1.098122
1.098122
1.098122
1.0981224
1.0981222
1.0981221
1.0981221
1.0981221
1.0981219
1.098122
1.0981219
1.0981221
1.0981222
1.098122
1.098122
1.0981221
1.098122
1.0981221
1.098122
1.098122
1.0981221
1.098122
1.0981222
1.098122
1.098122
1.0981219
1.0981219
1.0981224
1.098122
1.0981222
1.0981221
1.098122
1.098122
1.0981221
1.098122
1.098122
1.0981221
1.0981219
1.098122
1.098122
1.098122
1.098122
1.0981219
1.0981221
1.098122
1.098122
1.0981221
1.0981219
1.098122
1.0981221
1.0981221
1.0981221
1.0981222
1.0981221
1.0981222
1.098122
1.098122
1.098122
1.098122
1.0981222
1.0981221
1.0981221
1.0981221
1.0981222
1.0981221
1.098122
1.098122
1.098122
1.0981221
1.0981216
1.0981219
1.0981219
1.0981221
1.098122
1.0981221
1.0981221
1.0981219
1.0981219
1.0981218
1.098122
1.098122
1.098122
1.0981221
1.098122
1.0981219
1.0981221
1.098122
1.0981221
1.0981221
1.0981222
1.0981219
1.098122
1.0981222
1.0981221
1.0981219
1.0981219
1.0981219
1.098122
1.098122
1.0981221
1.0981218
1.098122
1.098122
1.098122
1.098122
1.0981219
1.098122
1.098122
1.098122
1.0981221
1.0981221
1.098122
1.0981219
1.0981221
1.098122
1.0981219
1.098122
1.098122
1.0981221
1.098122
1.0981221
1.0981219
1.098122
1.098122
1.098122
1.098122
1.098122
1.0981219
1.0981221
1.0981221
1.098122
1.0981219
1.0981219
1.0981219
1.0981219
1.098122
1.0981221
1.0981219
1.098122
1.0981221
1.0981219
1.098122
1.098122
1.098122
1.0981222
1.098122
1.098122
1.0981219
1.0981219
1.098122
1.0981219
1.0981221
1.098122
1.0981221
1.0981221
1.098122
1.0981221
1.0981221
1.0981221
1.098122
1.0981221
1.098122
1.0981221
1.0981219
1.098122
1.0981221
1.098122
1.0981219
1.0981219
1.098122
1.098122
1.098122
1.0981219
1.098122
1.0981219
1.0981219
1.098122
1.098122
1.098122
1.0981219
1.098122
1.0981221
1.0981221
1.098122
1.0981221
1.0981219
1.098122
1.098122
1.0981219
1.0981221
1.0981219
1.0981221
1.0981221
1.0981218
1.0981219
1.0981219
1.0981219
1.0981219
1.098122
1.098122
1.098122
1.0981221
1.0981221
1.098122
1.0981221
1.0981221
1.098122
1.098122
1.098122
1.0981221
1.0981219
1.098122
1.0981222
1.098122
1.0981219
1.098122
1.098122
1.0981221
1.098122
1.0981221
1.0981222
1.0981221
1.0981219
1.0981221
1.0981221
1.0981222
1.0981221
1.0981219
1.0981219
1.0981218
1.098122
1.0981218
1.098122
1.0981221
1.098122
1.0981221
1.098122
1.0981219
1.0981219
1.0981219
1.0981219
1.0981219
1.0981221
1.098122
1.098122
1.098122
1.098122
1.0981219
1.0981221
1.0981218
1.098122
1.0981221
1.098122
1.0981219
1.0981219
1.0981219
1.0981219
1.0981219
1.0981219
1.0981221
1.098122
1.098122
1.0981221
1.098122
1.0981219
1.098122
1.0981219
1.098122
1.098122
1.0981221
1.0981219
1.098122
1.0981219
1.0981218
1.098122
1.0981221
1.0981221
1.0981219
1.0981221
1.0981219
1.098122
1.0981219
1.098122
1.0981221
1.0981219
1.098122
1.098122
1.098122
1.0981219
1.098122
1.0981221
1.0981221
1.0981219
1.0981219
1.098122
1.0981218
1.0981221
1.0981219
1.098122
1.098122
1.0981219
1.098122
1.0981219
1.0981221
1.0981221
1.098122
1.098122
1.098122
1.098122
1.0981221
1.098122
1.098122
1.0981221
1.0981219
1.0981219
1.0981221
1.0981219
1.0981221
1.0981219
1.098122
1.098122
1.098122
1.0981221
1.098122
1.0981219
1.098122
1.0981219
1.098122
1.0981219
1.0981222
1.0981222
1.0981219
1.0981221
1.0981221
1.0981219
1.0981219
1.0981221
1.0981219
1.0981219
1.098122
1.098122
1.098122
1.098122
1.0981221
1.098122
1.0981221
1.0981221
1.098122
1.0981219
1.0981221
1.0981221
1.0981221
1.0981219
1.098122
1.0981219
1.0981219
1.098122
1.098122
1.098122
1.0981219
1.0981218
1.0981219
1.098122
1.098122
1.0981221
1.098122
1.0981219
1.0981221
1.0981221
1.098122
1.0981221
1.0981219
1.0981221
1.098122
1.0981219
1.098122
1.0981219
1.0981221
1.0981224
1.0981219
1.0981221
1.0981219
1.0981219
1.0981219
1.0981219
1.098122
1.098122
1.0981221
1.0981221
1.0981221
1.098122
1.098122
1.098122
1.0981219
1.0981221
1.0981219
1.0981221
1.098122
1.098122
1.0981219
1.098122
1.0981219
1.0981221
1.098122
1.0981221
1.0981219
1.0981221
1.098122
1.0981218
1.0981221
1.0981224
1.0981219
1.0981219
1.098122
1.0981219
1.098122
1.098122
1.098122
1.0981219
1.0981219
1.098122
1.0981221
1.0981221
1.098122
1.098122
1.0981221
1.0981221
1.0981221
1.0981221
1.0981221
1.0981221
1.0981219
1.0981221
1.0981219
1.0981219
1.0981221
1.0981218
1.098122
1.098122
1.098122
1.098122
1.098122
1.0981221
1.0981221
1.098122
1.098122
1.098122
1.0981219
1.0981219
1.0981219
1.0981219
1.0981221
1.0981219
1.098122
1.098122
1.0981222
1.098122
1.0981221
1.0981221
1.0981221
1.098122
1.098122
1.098122
1.0981219
1.0981221
1.0981221
1.0981219
1.098122
1.098122
1.0981219
1.098122
1.0981219
1.0981219
1.098122
1.0981219
1.0981219
1.098122
1.098122
1.098122
1.0981218
1.098122
1.098122
1.098122
1.098122
1.0981221
1.0981218
1.0981221
1.0981221
1.0981219
1.098122
1.0981219
1.098122
1.098122
1.098122
1.0981219
1.0981219
1.098122
1.098122
1.098122
1.098122
1.0981221
1.0981221
1.098122
1.098122
1.0981221
1.098122
1.0981221
1.0981222
1.0981221
1.0981221
1.0981219
1.098122
1.0981221
1.0981221
1.0981219
1.0981219
1.098122
1.0981222
1.098122
1.0981219
1.0981221
1.098122
1.098122
1.0981221
1.0981221
1.0981219
1.0981219
1.098122
1.0981219
1.0981221
1.0981221
1.0981219
1.0981219
1.098122
1.0981219
1.098122
1.0981219
1.0981221
1.098122
1.098122
1.098122
1.0981219
1.0981219
1.098122
1.098122
1.0981219
1.098122
1.098122
1.098122
1.0981219
1.098122
1.0981221
1.0981219
1.098122
1.098122
1.098122
1.0981219
1.0981222
1.098122
1.0981219
1.0981221
1.098122
1.0981221
1.0981219
1.0981222
1.0981219
1.0981221
1.0981221
1.098122
1.0981221
1.0981219
1.098122
1.098122
1.098122
1.0981221
1.098122
1.098122
1.0981219
1.0981221
1.098122
1.0981219
1.098122
1.0981221
1.0981219
1.098122
1.098122
1.0981219
1.0981219
1.098122
1.0981221
1.098122
1.098122
1.098122
1.098122
1.098122
1.098122
1.0981219
1.0981221
1.098122
1.0981219
1.0981221
1.0981221
1.0981219
1.0981219
1.0981219
1.098122
1.0981219
1.0981219
1.098122
1.0981221
1.098122
1.0981219
1.0981218
1.0981221
1.098122
1.0981221
1.098122
1.0981221
1.098122
1.0981221
1.098122
1.0981221
1.0981218
1.0981219
1.098122
1.0981221
1.0981221
1.0981221
1.0981219
1.0981219
1.0981221
1.098122
1.098122
1.0981221
1.0981219
1.098122
1.098122
1.098122
1.0981219
1.0981221
1.098122
1.098122
1.0981221
1.0981219
1.098122
1.0981221
1.0981219
1.0981221
1.098122
1.098122
1.0981219
1.098122
1.098122
1.0981221
1.098122
1.098122
1.0981219
1.0981219
1.0981219
1.098122
1.098122
1.098122
1.0981221
1.098122
1.098122
1.0981221
1.098122
1.0981221
1.098122
1.0981219
1.098122
1.0981219
1.0981218
1.098122
1.098122
1.098122
1.0981221
1.098122
1.0981219
1.098122
1.0981221
1.098122
1.098122
1.0981221
1.098122
1.098122
1.098122
1.098122
1.0981219
1.098122
1.0981219
1.0981219
1.0981221
1.0981219
1.098122
1.0981221
1.0981221
1.0981218
1.0981218
1.0981218
1.0981219
1.098122
1.0981221
1.098122
1.098122
1.0981221
1.098122
1.0981219
1.098122
1.0981219
1.0981221
1.098122
1.098122
1.098122
1.0981219
1.098122
1.0981221
1.0981219
1.0981219
1.0981219
1.0981221
1.0981219
1.098122
1.098122
1.0981221
1.0981221
1.0981221
1.098122
1.098122
1.0981221
1.0981221
