1.1431601
1.2005464
1.4265532
1.2206612
1.1017315
1.368483
1.6188499
1.2468462
1.5399324
1.2541994
1.1799545
1.1761305
1.3292083
1.0937163
1.2834468
1.30581
1.4268007
1.2701011
1.2722362
1.1897868
1.2217188
1.0834144
1.2758555
1.0763439
1.26898
1.2162102
1.1879579
1.4375739
1.1225114
1.1019368
1.0887485
1.099828
1.189308
1.1927805
1.067269
1.2216284
1.0738195
1.0626571
1.1226645
1.2276831
1.1664727
1.1467181
1.2514637
1.143425
1.0973608
1.0764588
1.0972351
1.4222641
1.1197369
1.1223843
1.1308147
1.0674864
1.0810759
1.074903
1.0543308
1.5935757
1.1142826
1.0912639
1.0666482
1.085095
1.1023046
1.0755655
1.7050712
1.0405598
1.0573288
1.0425625
1.2031542
1.2022005
1.0617292
1.03876
1.1459303
1.0982244
1.1450078
1.1094968
1.1467835
1.132491
1.2376807
1.2267784
1.4166555
1.0753332
1.0387526
1.0314949
1.1144377
1.7245274
1.1561031
1.1164025
1.1979457
1.0337461
1.2405668
1.1875849
1.4096687
1.1260346
1.1733137
1.2511309
1.3478851
1.2104782
1.1170204
1.1634424
1.112914
1.1353614
1.0248969
1.2559408
1.087465
1.0947541
1.1190742
1.1913935
1.2486123
1.2016441
1.0288666
1.0247965
1.1734155
1.0444691
1.0504671
1.1133678
1.0515171
1.106361
1.187321
1.0592798
1.0654927
1.042055
1.1724569
1.3695672
1.2902093
1.0318878
1.275621
1.0194639
1.1445154
1.0912951
1.0933037
1.0081689
1.0825027
1.103188
1.1189718
1.1677715
1.0756314
1.074985
1.284355
1.0315846
1.0698653
1.162572
1.1760327
1.0925248
1.2362422
1.104978
1.0179893
1.0885986
1.2090747
1.0146847
1.1309649
1.055585
1.0592749
1.1023259
1.0896119
0.9901751
1.2290165
1.0466225
1.5447649
1.3858875
1.1600015
1.3660693
1.0151495
0.99043196
1.0568318
1.0269032
1.3479294
1.1711344
1.009501
0.99552965
1.0832473
1.0269077
1.2198437
1.3708713
0.9961504
1.1611731
1.2266827
1.0227364
0.9983525
1.0521764
0.9795045
1.0063214
1.1043254
1.0092286
1.0793697
1.387792
1.036568
1.0114404
1.0121158
1.2683352
1.0101906
1.0513318
1.0696168
1.0097393
1.2021148
0.97031283
1.0590695
1.1400663
0.9821064
1.0822669
0.9765425
1.0559374
1.0376729
1.041106
1.0058409
1.1191888
0.9866887
1.0852935
1.0319384
0.9780726
1.1074201
1.0248122
1.3835714
1.036882
1.1856762
1.0561647
1.0228517
0.99786377
0.9559364
0.95532566
1.1693738
1.093455
1.1506956
1.0690405
1.1299204
0.95210695
0.97315073
0.96842253
1.0409447
0.95583856
1.3112638
0.9824988
0.9593351
1.0641135
1.3171433
0.9792279
0.96602184
0.9581092
0.9449299
1.055791
0.9518759
0.9943642
1.1089138
1.009775
1.0225112
0.94328463
1.0383425
0.9790818
0.9869923
1.0083929
1.0450621
0.9719132
0.9446216
0.9380483
1.1043699
1.0271598
0.9950095
0.9733936
0.9360478
1.1452774
0.9507729
1.013798
0.9928141
1.0281104
1.0219337
0.9891772
0.94614214
1.1820184
1.0284009
0.9586054
1.2819266
1.0082697
1.0510143
1.0005
1.1951877
0.93272644
0.9735278
1.0275503
1.0336847
0.9291586
1.0497806
1.260756
0.96894443
0.98259664
1.0223843
0.96818495
0.9972583
0.9969346
0.9502655
0.9519198
0.96531713
0.9273576
0.9420847
0.9393491
0.91973263
1.0025003
1.0650896
1.0948743
1.0019666
0.91595376
0.96155655
0.96538436
0.93394417
1.01615
0.9566905
1.5643605
0.9718406
0.9854474
0.93546426
0.911253
0.9265192
1.0110619
0.9847943
0.9114168
0.96713585
1.0469289
1.0934085
1.1761395
1.1931134
1.0493116
0.9704581
0.9648092
1.2986485
0.957271
0.9315662
0.9138639
0.9842415
0.9294602
0.94837785
0.9880568
1.4519376
0.89910924
1.1945959
1.0605409
0.9624461
0.9272236
0.9498205
0.95127916
0.9363943
0.8998472
0.9890993
0.9468586
0.9023097
1.0893757
1.1113061
0.9743747
0.91030014
0.95397204
1.1733564
1.1693864
0.94460756
0.9235248
1.0552678
1.0023302
0.9628834
0.94101113
0.92388034
0.92225134
0.99481696
0.8854439
1.0692525
0.90067106
0.9161328
0.8931627
0.9704628
0.90624607
0.9213104
0.91342527
1.014705
0.89395434
0.9317425
0.9744366
0.95460904
0.9072191
1.1617792
1.3037517
0.9371308
0.99666536
1.1044327
0.89132476
0.9848617
0.9138709
0.9349641
0.87891793
0.89287215
0.94345534
0.87556744
0.95845866
0.88429016
0.9828559
0.89066905
1.0283443
1.0282358
0.8722779
0.92030185
0.9127452
0.891107
1.0207613
0.9254943
0.86968076
0.8713997
0.96721494
0.9731207
0.90323687
0.87059766
0.9393382
0.9216642
1.1035113
0.8940217
0.87939644
0.8846907
0.9220761
1.0035187
0.8756105
0.86281705
0.8582673
0.93619496
0.9379165
0.8608189
0.92288524
0.92349523
0.91520554
0.92531943
1.0170118
0.89970577
0.9479133
0.86372566
0.85227066
0.99149734
0.9456741
0.9525729
0.86396223
1.0347383
0.87230134
0.92075795
0.86548996
0.95162815
0.8623073
0.91237575
0.90409017
0.8488394
0.89024496
0.90446806
0.9269025
1.1906857
0.88401103
0.8739144
0.88235235
1.0039423
0.84435874
0.8806754
0.84360725
0.9406301
0.8655817
0.93558276
0.8535911
0.8551116
0.93207043
0.9227829
0.90853274
0.836328
0.9123613
0.92350304
0.8525226
0.98499155
0.89351934
0.84344226
0.8553802
0.97609967
1.0174086
0.94488233
0.9054528
1.0212362
0.86346084
0.9175004
0.91592413
0.9288883
0.890367
0.8969783
0.8576166
0.8791572
0.8893194
0.87558514
0.89235497
0.8575226
0.8383002
0.8514733
0.93723416
0.82517344
0.8620059
0.8375216
0.8359236
0.8420972
0.8347368
0.8832836
0.90807474
0.8589056
0.8402077
0.8222965
0.81552577
0.82585907
1.0377076
0.9008415
0.8186865
0.8162221
0.8615215
0.90619665
0.81193364
0.8347021
0.91873103
0.944881
0.8815481
0.81471753
0.8578959
0.8225992
1.0228605
0.83165044
0.8594069
0.91575694
0.840831
0.96100295
0.8050161
0.9951937
0.82208747
0.8198019
0.8132785
0.8359943
0.8456311
0.9500981
0.87739533
0.82518524
0.9551654
0.8028177
0.81558937
0.8027403
0.8651742
0.8199967
0.82107383
0.8084751
0.9434769
0.8148273
0.80061585
0.8859667
0.8796564
0.8088263
0.8538862
0.8464268
0.80655205
0.80426556
0.86797404
0.8369157
0.8144271
0.8532804
0.8444548
0.87931794
0.8673546
0.7930169
0.9741715
0.8036689
0.9552018
0.80968034
0.84670234
0.8097431
0.846889
0.8230871
0.8100837
0.93536
0.79298055
0.79853654
0.8606009
0.8368785
0.79002935
0.7821265
0.8966403
0.83377254
0.79206884
0.9831693
0.96197146
0.8337319
0.91962594
0.77919555
0.7995046
0.7995935
0.7904794
0.84523237
0.79344404
0.8683722
0.7957918
0.83130044
0.77919996
0.7771173
0.83003527
0.94921696
0.7766016
0.8209394
0.7861481
0.7733143
0.7930064
0.7904956
0.8135556
0.76962215
0.8276372
0.82174784
0.8204204
0.8278112
0.83789206
0.79446846
0.82167405
0.8174994
0.766068
0.8014568
0.76284325
0.78623796
0.7798897
0.7975424
0.78650594
0.772366
0.8478824
0.78005815
0.8299555
0.8970461
0.90108824
0.8139319
0.8016628
0.8537149
0.7777375
0.80712634
0.7756892
0.763362
0.79548514
0.7795541
0.9293916
0.78402716
0.75944054
0.7623833
0.76398826
0.8246914
0.751339
0.79020286
0.7641139
0.8125409
0.7874621
0.76866984
0.76142365
0.9055268
0.8650094
0.7485601
0.8395586
0.86151385
0.7651821
0.79471856
0.83367825
0.7738849
0.8785419
0.745649
0.8774704
0.80934995
0.75500137
0.7431827
0.7896197
0.74209595
0.8301643
0.79503554
0.8086014
0.8194835
0.74335134
0.74248904
0.7667036
0.7534505
0.7551617
0.7585674
0.7545455
0.88392055
0.84004486
0.7500976
0.73406565
0.8251232
0.8261104
0.8555546
0.7732331
0.75677186
0.751359
0.81465447
0.9458239
0.73754066
0.7840382
0.7384787
0.7335318
0.74788064
0.75267154
0.7996644
0.7269882
0.756818
0.73850435
0.7528005
0.87422305
0.74094725
0.73446214
0.8426476
0.72396874
0.80516475
0.8916844
0.7282181
0.8304307
0.73007566
0.79040885
0.7641121
0.8356206
0.7329389
0.73310035
0.75324523
0.7345027
0.9007564
0.7536466
0.7618671
0.7483067
0.74411374
0.74126244
0.72747564
0.7715012
0.7295932
0.73409927
0.7229526
0.7201407
0.72452104
0.7227152
0.71418005
0.71172947
0.73681384
0.7155356
0.8469796
0.7096903
0.75640416
0.7694942
0.72314847
0.8008025
0.7163106
0.7102964
0.7098559
0.7067081
0.72076917
0.7396583
0.71233875
0.7520085
0.7453342
0.70330524
0.74265903
0.74935204
0.7422375
0.7027617
0.70333934
0.70950323
0.7174328
0.718949
0.7013232
0.69838774
0.8455592
0.70786387
0.69933623
0.71595347
0.72760326
0.8598467
0.70771617
0.72899103
0.71222836
0.7107802
0.6959917
0.7476128
0.7377152
0.91848636
0.691462
0.7030019
0.69392544
0.75935155
0.69673085
0.7013691
0.74232703
0.8670583
0.71981466
0.731113
0.7115743
0.7007393
0.68450934
0.7208123
0.69061947
0.7291125
0.68519557
0.68185985
0.70544684
0.6980058
0.7264967
0.7406047
0.6896627
0.693049
0.7138151
0.6793828
0.7027875
0.7872343
0.6900474
0.7099069
0.7772438
0.685205
0.69037884
0.6889905
0.67809945
0.73029023
0.7038573
0.6905719
0.67471385
0.73317057
0.6737589
0.77391076
0.6778391
0.86487484
0.6820764
0.67270416
0.66857713
0.6677488
0.67167854
0.6833842
0.6666352
0.6665328
0.67756927
0.70924014
0.6729289
0.66598016
0.67307
0.7548641
0.6943757
0.67147964
0.68514854
0.6628942
0.6808062
0.69731635
0.67346644
0.70079887
0.6653115
0.67310494
0.72439885
0.663306
0.6963056
0.67404115
0.6664439
0.6697971
0.663091
0.66212004
0.6559235
0.678716
0.65472955
0.6589469
0.68916506
0.7500384
0.65326047
0.81183654
0.65765154
0.7180395
0.66351056
0.65031946
0.70266026
0.69320774
0.722582
0.64795387
0.7250875
0.6705571
0.68794876
0.6510876
0.6456148
0.7390739
0.66672665
0.6579417
0.65205246
0.6493657
0.6925431
0.6624102
0.6467504
0.67744225
0.7164631
0.66939926
0.6790546
0.65613395
0.73988515
0.6412574
0.6398487
0.7146438
0.72189325
0.6366757
0.66374946
0.6484009
0.6531547
0.7305811
0.6352389
0.63644624
0.64301485
0.64289737
0.6404241
0.7453859
0.65473115
0.6342112
0.63151526
0.74997056
0.6635474
0.6535955
0.6348697
0.6378164
0.63279176
0.6315404
0.63239616
0.62786627
0.6306327
0.6286987
0.64214414
0.63831264
0.7028977
0.62588006
0.63675904
0.62322664
0.63295203
0.6946132
0.62756085
0.6372701
0.6284565
0.6402071
0.62619007
0.6422358
0.6267459
0.62325066
0.6387589
0.6239374
0.62659585
0.6242792
0.62118274
0.6267212
0.6184466
0.6192719
0.7056137
0.757933
0.62570256
0.6155532
0.6378677
0.6170563
0.6299761
0.626158
0.70091987
0.6112221
0.6299599
0.63835007
0.6101288
0.63678914
0.61893797
0.61435884
0.6118851
0.61017466
0.61701113
0.63484615
0.61048067
0.6447048
0.60746914
0.6213847
0.6074409
0.60571593
0.602668
0.61112756
0.6037429
0.61447734
0.63773334
0.6146486
0.7634647
0.6095999
0.63894385
0.60355633
0.60021025
0.6023585
0.60764664
0.59660417
0.61431843
0.634556
0.6204253
0.59797204
0.61618376
0.6112262
0.62184745
0.592808
0.59903544
0.5958732
0.5974804
0.5924146
0.6379175
0.5950333
0.5937412
0.6074871
0.6140538
0.5949342
0.5929709
0.58710134
0.6044153
0.598545
0.64097995
0.6406154
0.5985252
0.5876741
0.5973013
0.61828876
